#UpdateTime|InstrumentID|ExchangeID|ExchangeInstID|LastPrice|PreSettlementPrice|PreClosePrice|PreOpenInterest|OpenPrice|HighestPrice|LowestPrice|Volume|Turnover|OpenInterest|ClosePrice|SettlementPrice|UpperLimitPrice|LowerLimitPrice|PreDelta|CurrDelta|BidPrice1|BidVolume1|AskPrice1|AskVolume1|AveragePrice|
20200316.15:00:00:000|RI007|null||2651.0|2651.0|2651.0|0.0|0.0|0.0|0.0|0|0.0|0.0|0.0|2630.0|2864.0|2438.0|0.0|0.0|0.0|0|0.0|0|0.0
20200316.15:00:00:000|RI009|null||2578.0|2578.0|2578.0|4.0|0.0|0.0|0.0|0|0.0|4.0|0.0|2578.0|2682.0|2474.0|0.0|0.0|2551.0|1|2660.0|2|0.0
20200316.15:01:04:920|fb2008|null||1300.0|1300.0|1300.0|0.0|1.7976931348623157E308|1.7976931348623157E308|1.7976931348623157E308|0|0.0|0.0|1300.0|1300.0|1404.0|1196.0|0.0|0.0|1.7976931348623157E308|0|1.7976931348623157E308|0|0.0
20200316.15:01:04:920|fb2009|null||1452.0|1447.0|1447.0|54.0|1451.5|1452.5|1435.5|34|493205.0|61.0|1452.0|1450.5|1519.0|1375.0|0.0|0.0|1425.0|2|1452.5|5|14506.029411764706
20200316.15:01:04:910|fb2006|null||1308.0|1308.0|1308.0|1.0|1.7976931348623157E308|1.7976931348623157E308|1.7976931348623157E308|0|0.0|1.0|1308.0|1308.0|1373.0|1243.0|0.0|0.0|1.7976931348623157E308|0|1.7976931348623157E308|0|0.0
20200316.15:01:04:920|fb2007|null||1291.5|1291.5|1291.5|0.0|1.7976931348623157E308|1.7976931348623157E308|1.7976931348623157E308|0|0.0|0.0|1291.5|1291.5|1394.5|1188.5|0.0|0.0|1.7976931348623157E308|0|1.7976931348623157E308|0|0.0
20200316.15:01:04:920|fb2011|null||1455.0|1455.0|1455.0|2.0|1.7976931348623157E308|1.7976931348623157E308|1.7976931348623157E308|0|0.0|2.0|1455.0|1455.0|1527.5|1382.5|0.0|0.0|1383.0|2|1518.0|1|0.0
20200316.14:59:58:000|AP007|null||7262.0|7136.0|7144.0|6715.0|7194.0|7319.0|7155.0|5317|3.854825E7|5973.0|7262.0|7250.0|7565.0|6707.0|0.0|0.0|7259.0|1|7262.0|1|7250.0
20200316.14:59:59:000|TA009|null||3880.0|3924.0|3972.0|548610.0|3936.0|3950.0|3856.0|271512|1.062154944E9|556061.0|3880.0|3912.0|4122.0|3726.0|0.0|0.0|3876.0|137|3880.0|526|3912.0
20200316.15:01:04:920|fb2012|null||1447.0|1447.0|1447.0|0.0|1.7976931348623157E308|1.7976931348623157E308|1.7976931348623157E308|0|0.0|0.0|1450.5|1450.5|1562.5|1331.5|0.0|0.0|1.7976931348623157E308|0|1.7976931348623157E308|0|0.0
20200316.15:01:04:920|fb2010|null||1428.5|1428.5|1428.5|0.0|1.7976931348623157E308|1.7976931348623157E308|1.7976931348623157E308|0|0.0|0.0|1431.5|1431.5|1542.5|1314.5|0.0|0.0|1.7976931348623157E308|0|1.7976931348623157E308|0|0.0
20200316.14:59:59:000|TA006|null||3786.0|3848.0|3880.0|152.0|3868.0|3870.0|3786.0|48|184608.0|191.0|3786.0|3846.0|4042.0|3654.0|0.0|0.0|3796.0|2|3804.0|11|3846.0
20200316.14:59:59:000|TA005|null||3764.0|3802.0|3852.0|740368.0|3808.0|3832.0|3738.0|628534|2.383400928E9|753617.0|3764.0|3792.0|3994.0|3610.0|0.0|0.0|3762.0|17|3764.0|21|3792.0
20200316.15:00:00:000|TA008|null||3928.0|3880.0|3928.0|1744.0|0.0|0.0|0.0|0|0.0|1744.0|0.0|3862.0|4074.0|3686.0|0.0|0.0|3846.0|1|3862.0|1|0.0
20200316.14:59:59:000|TA007|null||3822.0|3864.0|3918.0|98976.0|3900.0|3900.0|3798.0|79941|3.08412378E8|110059.0|3822.0|3858.0|4058.0|3670.0|0.0|0.0|3822.0|8|3824.0|2|3858.0
20200316.14:59:59:000|TA004|null||3770.0|3754.0|3772.0|148.0|3790.0|3798.0|3756.0|18|68148.0|151.0|3770.0|3786.0|3942.0|3566.0|0.0|0.0|3724.0|1|3738.0|1|3786.0
20200316.15:00:00:000|RI011|null||2683.0|2683.0|2683.0|0.0|0.0|0.0|0.0|0|0.0|0.0|0.0|2662.0|2898.0|2468.0|0.0|0.0|0.0|0|0.0|0|0.0
20200316.14:59:59:000|AP005|null||6740.0|6506.0|6501.0|110297.0|6606.0|6796.0|6522.0|299416|2.001296544E9|92431.0|6740.0|6684.0|6897.0|6115.0|0.0|0.0|6740.0|4|6742.0|5|6684.0
20200316.15:00:00:000|JR011|null||2964.0|2964.0|2964.0|19.0|0.0|0.0|0.0|0|0.0|19.0|0.0|2964.0|3083.0|2845.0|0.0|0.0|2869.0|1|3000.0|1|0.0
20200316.14:59:59:000|RI005|null||2624.0|2643.0|2643.0|32.0|2624.0|2630.0|2615.0|5|13110.0|30.0|2624.0|2622.0|2749.0|2537.0|0.0|0.0|2612.0|1|2630.0|2|2622.0
20200316.15:00:00:000|SA102|null||1600.0|1600.0|1600.0|250.0|0.0|0.0|0.0|0|0.0|250.0|0.0|1614.0|1664.0|1536.0|0.0|0.0|1551.0|1|0.0|0|0.0
20200316.14:59:56:000|SA101|null||1615.0|1600.0|1601.0|115.0|1619.0|1619.0|1602.0|4|6456.0|116.0|1615.0|1614.0|1664.0|1536.0|0.0|0.0|1600.0|6|1618.0|1|1614.0
20200316.15:00:00:000|MA010|null||2007.0|1993.0|2007.0|532.0|0.0|0.0|0.0|0|0.0|532.0|0.0|1986.0|2093.0|1893.0|0.0|0.0|1970.0|1|1986.0|1|0.0
20200316.14:59:56:000|MA012|null||2040.0|2041.0|2065.0|7754.0|2040.0|2040.0|2040.0|1|2040.0|7754.0|2040.0|2040.0|2144.0|1938.0|0.0|0.0|2031.0|2|2041.0|1|2040.0
20200316.14:59:59:000|MA011|null||1987.0|1993.0|2018.0|29967.0|2008.0|2011.0|1982.0|97|193612.0|29934.0|1987.0|1996.0|2093.0|1893.0|0.0|0.0|1984.0|1|1989.0|13|1996.0
20200316.15:01:04:900|bb2102|null||211.3|211.3|211.3|0.0|1.7976931348623157E308|1.7976931348623157E308|1.7976931348623157E308|0|0.0|0.0|211.05|211.05|228.20000000000002|194.4|0.0|0.0|1.7976931348623157E308|0|1.7976931348623157E308|0|0.0
20200316.15:01:04:900|bb2101|null||211.3|211.3|211.3|0.0|1.7976931348623157E308|1.7976931348623157E308|1.7976931348623157E308|0|0.0|0.0|211.05|211.05|228.20000000000002|194.4|0.0|0.0|1.7976931348623157E308|0|1.7976931348623157E308|0|0.0
20200316.14:59:55:000|AP011|null||7656.0|7541.0|7506.0|4656.0|7531.0|7706.0|7487.0|340|2595560.0|4568.0|7656.0|7634.0|7994.0|7088.0|0.0|0.0|7636.0|1|7648.0|1|7634.0
20200316.14:59:59:000|MA007|null||1886.0|1896.0|1917.0|27669.0|1903.0|1920.0|1880.0|14285|2.71415E7|28598.0|1886.0|1900.0|1991.0|1801.0|0.0|0.0|1884.0|4|1886.0|42|1900.0
20200316.14:59:58:000|AP010|null||7890.0|7793.0|7752.0|11481.0|7825.0|7944.0|7721.0|11528|9.0471744E7|10621.0|7890.0|7848.0|8261.0|7325.0|0.0|0.0|7890.0|3|7892.0|1|7848.0
20200316.14:59:59:000|MA006|null||1852.0|1873.0|1885.0|27.0|1862.0|1883.0|1850.0|17|31841.0|25.0|1852.0|1873.0|1967.0|1779.0|0.0|0.0|1848.0|1|1861.0|2|1873.0
20200316.14:59:56:000|TA012|null||3998.0|4056.0|4082.0|6578.0|3998.0|3998.0|3998.0|1|3998.0|6579.0|3998.0|3998.0|4260.0|3852.0|0.0|0.0|3978.0|1|3996.0|1|3998.0
20200316.14:59:59:000|MA005|null||1825.0|1835.0|1857.0|737401.0|1840.0|1864.0|1815.0|701395|1.2905668E9|675390.0|1825.0|1840.0|1927.0|1743.0|0.0|0.0|1825.0|65|1826.0|165|1840.0
20200316.15:01:04:930|m2101|null||2770.0|2754.0|2778.0|76969.0|2760.0|2817.0|2757.0|36610|1.02197684E9|79662.0|2770.0|2791.0|2864.0|2644.0|0.0|0.0|2769.0|11|2770.0|15|27915.23736683966
20200316.14:59:55:000|AP012|null||7693.0|7620.0|7608.0|4047.0|7640.0|7749.0|7525.0|177|1357236.0|3981.0|7693.0|7668.0|8078.0|7162.0|0.0|0.0|7681.0|1|7694.0|1|7668.0
20200316.14:59:53:000|MA004|null||1845.0|1842.0|1829.0|112.0|1780.0|1880.0|1773.0|85|152065.0|49.0|1845.0|1789.0|1935.0|1749.0|0.0|0.0|0.0|0|1844.0|6|1789.0
20200316.14:59:59:000|MA009|null||1934.0|1945.0|1962.0|178856.0|1940.0|1967.0|1930.0|72120|1.4041764E8|180535.0|1934.0|1947.0|2043.0|1847.0|0.0|0.0|1934.0|12|1935.0|12|1947.0
20200316.14:59:59:000|TA011|null||3946.0|3996.0|4038.0|25005.0|3994.0|4010.0|3932.0|2115|8400780.0|26696.0|3946.0|3972.0|4196.0|3796.0|0.0|0.0|3942.0|1|3948.0|151|3972.0
20200316.15:00:00:000|MA008|null||1955.0|1955.0|1955.0|102.0|0.0|0.0|0.0|0|0.0|102.0|0.0|1927.0|2053.0|1857.0|0.0|0.0|1908.0|1|1927.0|2|0.0
20200316.15:00:00:000|TA010|null||3956.0|3956.0|3956.0|20.0|0.0|0.0|0.0|0|0.0|20.0|0.0|3956.0|4154.0|3758.0|0.0|0.0|3938.0|1|3956.0|1|0.0
20200316.15:47:47:300|IC2003|null|IC2003.CF|5148.8|5419.6|5447.0|104696.0|5419.0|5443.0|5133.4|123728|1.3133865792E11|87807.0|5148.8|5184.0|5961.4|4877.8|1.7976931348623157E308|1.7976931348623157E308|5148.8|5|5149.2|17|1061511.2013448856
20200316.15:47:47:300|IC2004|null|IC2004.CF|5083.0|5361.0|5390.0|22695.0|5333.0|5390.0|5072.0|24888|2.61137982E10|30516.0|5083.0|5127.4|5897.0|4825.0|1.7976931348623157E308|1.7976931348623157E308|5082.2|1|5089.6|1|1049252.5795564128
20200316.15:47:47:300|IC2006|null|IC2006.CF|4996.2|5267.0|5302.0|55943.0|5302.0|5302.0|4981.8|28980|2.985692824E10|52832.0|4996.2|5031.0|5793.6|4740.4|1.7976931348623157E308|1.7976931348623157E308|4996.2|3|4998.0|1|1030259.773636991
20200316.15:01:04:930|m2009|null||2749.0|2734.0|2758.0|1409523.0|2740.0|2809.0|2738.0|1447910|4.0198101E10|1444079.0|2749.0|2776.0|2843.0|2625.0|0.0|0.0|2749.0|15|2750.0|1|27762.845066336995
20200316.15:01:04:930|m2008|null||2734.0|2723.0|2745.0|3384.0|2736.0|2797.0|2727.0|31288|8.6538601E8|3755.0|2734.0|2765.0|2831.0|2615.0|0.0|0.0|2734.0|1|2748.0|3|27658.71931731015
20200316.15:01:04:930|m2007|null||2722.0|2696.0|2718.0|82269.0|2696.0|2774.0|2696.0|92739|2.54310414E9|83640.0|2722.0|2742.0|2803.0|2589.0|0.0|0.0|2721.0|1|2722.0|14|27422.164785041892
20200316.15:06:02:205|m2005|null||2747.0|2710.0|2739.0|921575.0|2720.0|2805.0|2719.0|921399|2.552067286E10|886181.0|2747.0|2769.0|2818.0|2602.0|0.0|0.0|2746.0|486|2747.0|2|27697.743170982387
20200316.15:01:04:940|v2008|null||6280.0|6300.0|6310.0|1368.0|6320.0|6320.0|6280.0|2516|7.9290625E7|1225.0|6280.0|6300.0|6550.0|6050.0|0.0|0.0|6235.0|7|6370.0|1|31514.55683624801
20200316.15:01:04:940|v2009|null||6310.0|6320.0|6345.0|98553.0|6350.0|6360.0|6305.0|22836|7.23476325E8|98223.0|6310.0|6335.0|6570.0|6070.0|0.0|0.0|6310.0|227|6315.0|497|31681.39450867052
20200316.15:01:04:940|v2006|null||6195.0|6220.0|6235.0|5853.0|6235.0|6260.0|6195.0|21766|6.79675875E8|2716.0|6195.0|6245.0|6465.0|5975.0|0.0|0.0|6185.0|26|6315.0|1|31226.49430304144
20200316.15:01:04:940|v2007|null||6240.0|6270.0|6280.0|3043.0|6290.0|6295.0|6240.0|2854|8.9499775E7|3511.0|6240.0|6270.0|6520.0|6020.0|0.0|0.0|6180.0|15|6345.0|1|31359.416608269097
20200316.15:01:04:940|v2004|null||6160.0|6160.0|6160.0|51.0|1.7976931348623157E308|1.7976931348623157E308|1.7976931348623157E308|0|0.0|51.0|6160.0|6160.0|6405.0|5915.0|0.0|0.0|6040.0|1|6270.0|10|0.0
20200316.15:01:04:940|v2005|null||6195.0|6200.0|6235.0|170586.0|6225.0|6260.0|6190.0|88307|2.750108E9|165942.0|6195.0|6225.0|6445.0|5955.0|0.0|0.0|6195.0|207|6200.0|1501|31142.5821282571
20200316.15:01:04:920|fb2101|null||1440.0|1440.0|1440.0|0.0|1.7976931348623157E308|1.7976931348623157E308|1.7976931348623157E308|0|0.0|0.0|1443.0|1443.0|1512.0|1368.0|0.0|0.0|1.7976931348623157E308|0|1.7976931348623157E308|0|0.0
20200316.15:01:04:920|fb2102|null||1440.0|1440.0|1440.0|0.0|1.7976931348623157E308|1.7976931348623157E308|1.7976931348623157E308|0|0.0|0.0|1443.0|1443.0|1555.0|1325.0|0.0|0.0|1.7976931348623157E308|0|1.7976931348623157E308|0|0.0
20200316.15:47:47:300|IC2009|null|IC2009.CF|4876.2|5157.8|5190.0|27603.0|5190.0|5190.0|4865.0|12820|1.286883252E10|28261.0|4876.2|4908.4|5673.4|4642.2|1.7976931348623157E308|1.7976931348623157E308|4876.0|3|4878.0|2|1003809.088923557
20200316.15:01:04:940|v2011|null||6525.0|6525.0|6525.0|0.0|1.7976931348623157E308|1.7976931348623157E308|1.7976931348623157E308|0|0.0|0.0|6540.0|6540.0|6785.0|6265.0|0.0|0.0|1.7976931348623157E308|0|6775.0|1|0.0
20200316.15:01:04:940|v2012|null||6230.0|6230.0|6230.0|2.0|1.7976931348623157E308|1.7976931348623157E308|1.7976931348623157E308|0|0.0|2.0|6230.0|6230.0|6475.0|5985.0|0.0|0.0|5995.0|1|6465.0|1|0.0
20200316.15:01:04:940|v2010|null||6245.0|6245.0|6245.0|0.0|1.7976931348623157E308|1.7976931348623157E308|1.7976931348623157E308|0|0.0|0.0|6255.0|6255.0|6490.0|6000.0|0.0|0.0|6060.0|5|1.7976931348623157E308|0|0.0
20200316.15:00:00:000|RS011|null||4300.0|4300.0|4300.0|0.0|0.0|0.0|0.0|0|0.0|0.0|0.0|4300.0|5160.0|3440.0|0.0|0.0|4247.0|2|4690.0|1|0.0
20200316.14:59:56:000|TA102|null||4032.0|4086.0|4116.0|84.0|4032.0|4032.0|4032.0|1|4032.0|84.0|4032.0|4032.0|4292.0|3880.0|0.0|0.0|4028.0|1|4050.0|1|4032.0
20200316.14:59:55:000|AP101|null||7754.0|7673.0|7640.0|2363.0|7682.0|7836.0|7604.0|663|5113056.0|2602.0|7754.0|7712.0|8134.0|7212.0|0.0|0.0|7748.0|1|7760.0|3|7712.0
20200316.14:59:59:000|TA101|null||4000.0|4042.0|4090.0|37722.0|4048.0|4066.0|3980.0|19072|7.6745728E7|49222.0|4000.0|4024.0|4246.0|3838.0|0.0|0.0|4000.0|18|4004.0|11|4024.0
20200316.15:01:04:930|m2012|null||2772.0|2768.0|2787.0|420.0|2789.0|2824.0|2772.0|169|4717480.0|408.0|2772.0|2791.0|2878.0|2658.0|0.0|0.0|2755.0|1|2783.0|3|27914.082840236686
20200316.15:01:04:930|m2011|null||2759.0|2755.0|2775.0|2690.0|2761.0|2816.0|2756.0|20937|5.8409363E8|2874.0|2759.0|2789.0|2865.0|2645.0|0.0|0.0|2758.0|1|2764.0|1|27897.6754071739
20200316.14:59:57:000|CF011|null||12240.0|12540.0|12565.0|2975.0|12330.0|12475.0|12240.0|163|2012235.0|3087.0|12240.0|12345.0|13045.0|12035.0|0.0|0.0|12220.0|4|12235.0|1|12345.0
20200316.15:01:04:930|l2102|null||7095.0|7095.0|7095.0|0.0|1.7976931348623157E308|1.7976931348623157E308|1.7976931348623157E308|0|0.0|0.0|7035.0|7035.0|7660.0|6530.0|0.0|0.0|6785.0|1|7035.0|2|0.0
20200316.15:01:04:930|l2101|null||6785.0|6840.0|6895.0|14731.0|6850.0|6880.0|6780.0|1913|6.541345E7|15397.0|6785.0|6835.0|7110.0|6570.0|0.0|0.0|6785.0|2|6800.0|33|34194.17145844224
20200316.14:59:50:000|RS009|null||4443.0|4142.0|4283.0|2.0|4443.0|4443.0|4443.0|1|4443.0|2.0|4443.0|4443.0|4557.0|3727.0|0.0|0.0|4316.0|1|4557.0|1|4443.0
20200316.15:01:04:910|fb2004|null||1440.0|1440.0|1440.0|0.0|1.7976931348623157E308|1.7976931348623157E308|1.7976931348623157E308|0|0.0|0.0|1440.0|1440.0|1512.0|1368.0|0.0|0.0|1.7976931348623157E308|0|1.7976931348623157E308|0|0.0
20200316.15:01:04:910|fb2005|null||1336.0|1344.0|1344.0|4638.0|1355.5|1363.5|1334.5|2523|3.3911525E7|4462.0|1336.0|1344.0|1411.0|1277.0|0.0|0.0|1335.0|2|1336.0|4|13440.953230281411
20200316.15:00:00:000|RI101|null||2632.0|2632.0|2632.0|0.0|0.0|0.0|0.0|0|0.0|0.0|0.0|2611.0|2843.0|2421.0|0.0|0.0|0.0|0|0.0|0|0.0
20200316.15:00:00:000|RS008|null||4299.0|4299.0|4299.0|3.0|0.0|0.0|0.0|0|0.0|3.0|0.0|4299.0|4729.0|3869.0|0.0|0.0|4256.0|3|4687.0|1|0.0
20200316.14:52:37:000|RS007|null||4688.0|4684.0|4693.0|14.0|4696.0|4696.0|4675.0|6|28140.0|15.0|4688.0|4690.0|5153.0|4215.0|0.0|0.0|4685.0|1|4705.0|1|4690.0
20200316.15:00:00:000|SM010|null||6082.0|6082.0|6082.0|0.0|0.0|0.0|0.0|0|0.0|0.0|0.0|6212.0|6448.0|5716.0|0.0|0.0|5928.0|1|0.0|0|0.0
20200316.15:00:00:000|SM012|null||6326.0|6326.0|6326.0|1.0|0.0|0.0|0.0|0|0.0|1.0|0.0|6462.0|6706.0|5946.0|0.0|0.0|0.0|0|6450.0|1|0.0
20200316.15:00:00:000|SM011|null||6168.0|6168.0|6168.0|0.0|0.0|0.0|0.0|0|0.0|0.0|0.0|6300.0|6540.0|5796.0|0.0|0.0|0.0|0|0.0|0|0.0
20200316.15:01:04:900|a2101|null||3894.0|3865.0|3903.0|2981.0|3880.0|3919.0|3847.0|359|1.397877E7|3180.0|3894.0|3893.0|4019.0|3711.0|0.0|0.0|3866.0|2|3894.0|12|38938.07799442897
20200316.15:01:04:920|i2012|null||594.0|596.5|605.0|284.0|594.0|594.0|594.0|5|297000.0|289.0|594.0|594.0|632.0|561.0|0.0|0.0|590.0|1|605.0|4|59400.0
20200316.15:01:04:920|i2011|null||600.0|605.0|616.0|3760.0|608.0|610.5|598.5|145|8816550.0|3672.0|600.0|608.0|641.0|569.0|0.0|0.0|598.0|2|602.0|6|60803.793103448275
20200316.15:01:04:920|i2010|null||609.0|607.0|622.0|56.0|604.0|615.0|603.5|27|1643300.0|57.0|609.0|608.5|643.0|571.0|0.0|0.0|595.5|1|622.0|1|60862.96296296296
20200316.14:59:59:000|CF005|null||11435.0|11760.0|11775.0|401450.0|11690.0|11705.0|11435.0|384637|4.452173275E9|402424.0|11435.0|11575.0|12235.0|11285.0|0.0|0.0|11435.0|81|11440.0|141|11575.0
20200316.14:59:41:000|WH009|null||2447.0|2445.0|2468.0|208.0|2447.0|2447.0|2447.0|2|4894.0|208.0|2447.0|2447.0|2568.0|2322.0|0.0|0.0|2441.0|8|2450.0|1|2447.0
20200316.14:59:59:000|CF007|null||11580.0|11895.0|11920.0|24771.0|11860.0|11860.0|11580.0|11079|1.29901275E8|24921.0|11580.0|11725.0|12375.0|11415.0|0.0|0.0|11575.0|35|11585.0|4|11725.0
20200316.14:59:59:000|CF009|null||11900.0|12225.0|12245.0|213129.0|12150.0|12175.0|11900.0|160425|1.931517E9|227324.0|11900.0|12040.0|12715.0|11735.0|0.0|0.0|11900.0|56|11905.0|32|12040.0
20200316.15:01:04:930|l2005|null||6565.0|6610.0|6665.0|233420.0|6630.0|6670.0|6560.0|197339|6.539339075E9|235193.0|6565.0|6625.0|6870.0|6350.0|0.0|0.0|6565.0|14|6570.0|121|33137.59102356858
20200316.15:01:04:930|l2004|null||6650.0|6640.0|6650.0|127.0|1.7976931348623157E308|1.7976931348623157E308|1.7976931348623157E308|0|0.0|127.0|6630.0|6630.0|6905.0|6375.0|0.0|0.0|6565.0|1|6630.0|10|0.0
20200316.15:00:00:000|SM007|null||5680.0|5680.0|5680.0|0.0|0.0|0.0|0.0|0|0.0|0.0|0.0|5844.0|6362.0|4998.0|0.0|0.0|0.0|0|0.0|0|0.0
20200316.14:51:17:000|SM006|null||6360.0|6152.0|6062.0|18.0|6300.0|6360.0|6300.0|2|12660.0|16.0|6360.0|6330.0|6522.0|5782.0|0.0|0.0|6180.0|1|6432.0|2|6330.0
20200316.14:59:59:000|SM009|null||6212.0|6104.0|6134.0|29612.0|6160.0|6350.0|6160.0|18567|1.15746678E8|26004.0|6212.0|6234.0|6472.0|5736.0|0.0|0.0|6202.0|5|6210.0|1|6234.0
20200316.15:00:00:000|SM008|null||5730.0|5730.0|5730.0|0.0|0.0|0.0|0.0|0|0.0|0.0|0.0|5896.0|6418.0|5042.0|0.0|0.0|0.0|0|0.0|0|0.0
20200316.15:00:00:000|WH007|null||2673.0|2673.0|2673.0|0.0|0.0|0.0|0.0|0|0.0|0.0|0.0|2678.0|2807.0|2539.0|0.0|0.0|0.0|0|2799.0|1|0.0
20200316.14:59:59:000|SM005|null||6264.0|6066.0|6084.0|78679.0|6138.0|6308.0|6138.0|130454|8.16120224E8|73979.0|6264.0|6256.0|6430.0|5702.0|0.0|0.0|6262.0|83|6264.0|192|6256.0
20200316.15:00:00:000|SM004|null||6242.0|6242.0|6242.0|0.0|0.0|0.0|0.0|0|0.0|0.0|0.0|6438.0|6618.0|5866.0|0.0|0.0|0.0|0|0.0|0|0.0
20200316.14:59:42:000|WH005|null||2526.0|2533.0|2536.0|885.0|2530.0|2548.0|2526.0|34|86292.0|885.0|2526.0|2538.0|2660.0|2406.0|0.0|0.0|2525.0|1|2531.0|1|2538.0
20200316.15:00:00:000|WH011|null||2487.0|2487.0|2487.0|3.0|0.0|0.0|0.0|0|0.0|3.0|0.0|2489.0|2612.0|2362.0|0.0|0.0|0.0|0|2532.0|1|0.0
20200316.15:01:04:930|l2007|null||6650.0|6690.0|6760.0|2692.0|6725.0|6745.0|6635.0|4977|1.67017375E8|3331.0|6650.0|6710.0|6955.0|6425.0|0.0|0.0|6535.0|1|6695.0|3|33557.84106891702
20200316.15:01:04:930|l2006|null||6600.0|6680.0|6715.0|3382.0|6685.0|6700.0|6565.0|12888|4.297855E8|1601.0|6600.0|6665.0|6945.0|6415.0|0.0|0.0|6585.0|1|6600.0|1|33347.72656734947
20200316.15:01:04:930|l2009|null||6690.0|6730.0|6785.0|126003.0|6740.0|6790.0|6685.0|76298|2.5751574E9|139595.0|6690.0|6750.0|6995.0|6465.0|0.0|0.0|6685.0|168|6690.0|4|33751.30933969436
20200316.15:01:04:930|l2008|null||6695.0|6720.0|6775.0|1133.0|6765.0|6785.0|6685.0|4112|1.38769E8|1057.0|6695.0|6745.0|6985.0|6455.0|0.0|0.0|6660.0|4|6690.0|10|33747.32490272373
20200316.15:01:04:900|b2011|null||3049.0|3049.0|3049.0|9.0|1.7976931348623157E308|1.7976931348623157E308|1.7976931348623157E308|0|0.0|9.0|3049.0|3049.0|3170.0|2928.0|0.0|0.0|2967.0|1|3095.0|1|0.0
20200316.15:01:04:900|b2012|null||3096.0|3096.0|3096.0|0.0|1.7976931348623157E308|1.7976931348623157E308|1.7976931348623157E308|0|0.0|0.0|3096.0|3096.0|3343.0|2849.0|0.0|0.0|2971.0|1|3106.0|1|0.0
20200316.15:01:04:930|l2010|null||6770.0|6795.0|6770.0|13.0|1.7976931348623157E308|1.7976931348623157E308|1.7976931348623157E308|0|0.0|13.0|6795.0|6795.0|7065.0|6525.0|0.0|0.0|6700.0|4|6945.0|2|0.0
20200316.15:01:04:930|l2012|null||6850.0|6975.0|6975.0|14.0|6915.0|6915.0|6850.0|14|480700.0|18.0|6850.0|6865.0|7250.0|6700.0|0.0|0.0|6760.0|1|6850.0|1|34335.71428571428
20200316.15:01:04:900|b2010|null||2991.0|2991.0|2991.0|0.0|1.7976931348623157E308|1.7976931348623157E308|1.7976931348623157E308|0|0.0|0.0|2991.0|2991.0|3110.0|2872.0|0.0|0.0|2972.0|1|3096.0|1|0.0
20200316.15:01:04:930|l2011|null||6900.0|6900.0|6900.0|6.0|1.7976931348623157E308|1.7976931348623157E308|1.7976931348623157E308|0|0.0|6.0|6920.0|6920.0|7175.0|6625.0|0.0|0.0|1.7976931348623157E308|0|6945.0|1|0.0
20200316.15:01:04:900|b2008|null||3017.0|2976.0|3005.0|2135.0|2983.0|3046.0|2983.0|873|2.637627E7|2155.0|3017.0|3021.0|3095.0|2857.0|0.0|0.0|2995.0|1|3013.0|1|30213.3676975945
20200316.15:01:04:900|b2009|null||3019.0|3012.0|3041.0|2440.0|3017.0|3076.0|3002.0|788|2.395283E7|2619.0|3019.0|3039.0|3132.0|2892.0|0.0|0.0|3013.0|1|3024.0|1|30396.9923857868
20200316.15:01:04:900|b2004|null||2945.0|2839.0|2935.0|4266.0|2852.0|2952.0|2852.0|1537|4.523728E7|2850.0|2945.0|2943.0|2952.0|2726.0|0.0|0.0|2929.0|1|1.7976931348623157E308|0|29432.192582953805
20200316.15:01:04:900|b2005|null||3004.0|2953.0|2996.0|52215.0|2957.0|3054.0|2956.0|59846|1.80405933E9|53099.0|3004.0|3014.0|3071.0|2835.0|0.0|0.0|3003.0|20|3004.0|2|30145.02773786051
20200316.15:01:04:900|b2006|null||3010.0|2951.0|3000.0|24044.0|2973.0|3056.0|2953.0|16535|4.9723988E8|24127.0|3010.0|3007.0|3069.0|2833.0|0.0|0.0|3003.0|1|3010.0|7|30071.961294224373
20200316.15:01:04:900|b2007|null||3011.0|2966.0|3010.0|4097.0|2991.0|3055.0|2971.0|4647|1.4056662E8|4383.0|3011.0|3024.0|3084.0|2848.0|0.0|0.0|2998.0|1|3023.0|2|30248.89606197547
20200316.14:59:57:000|WH101|null||2542.0|2572.0|2570.0|58.0|2568.0|2568.0|2542.0|2|5110.0|56.0|2542.0|2555.0|2701.0|2443.0|0.0|0.0|2539.0|1|2565.0|1|2555.0
20200316.15:01:04:920|i2009|null||618.0|619.0|633.5|292539.0|624.0|629.0|615.0|200276|1.24895489E10|299197.0|618.0|623.5|656.0|582.0|0.0|0.0|617.5|10|618.0|127|62361.685374183624
20200316.14:59:59:000|RM101|null||2198.0|2187.0|2200.0|18201.0|2190.0|2225.0|2185.0|10569|2.3368059E7|20107.0|2198.0|2211.0|2297.0|2077.0|0.0|0.0|2198.0|66|2199.0|57|2211.0
20200316.15:01:04:920|i2008|null||629.0|628.0|644.0|2581.0|628.0|643.5|626.5|10051|6.384484E8|1946.0|629.0|635.0|665.5|590.5|0.0|0.0|621.0|1|631.0|6|63520.88349417968
20200316.15:47:47:300|TF2009|null|TF2009.CF2|101.27|101.285|101.27000000000001|872.0|101.42|101.47|101.14|606|6.140551E8|906.0|101.27|101.24|102.5|100.07|1.7976931348623157E308|1.7976931348623157E308|101.25|6|101.32|6|1013292.2442244225
20200316.15:01:04:920|i2007|null||640.5|638.0|655.5|17336.0|648.0|652.5|639.0|14443|9.349438E8|15559.0|640.5|647.0|676.0|600.0|0.0|0.0|640.0|3|643.0|2|64733.35179671813
20200316.15:01:04:920|i2006|null||651.0|643.0|665.5|11882.0|668.0|668.0|650.0|17087|1.12288965E9|10263.0|651.0|657.0|681.5|604.5|0.0|0.0|651.0|1|653.0|4|65716.02095160063
20200316.15:01:04:920|i2005|null||661.5|658.0|676.5|640567.0|673.0|674.0|659.0|901009|5.99577106E10|607401.0|661.5|665.0|697.0|619.0|0.0|0.0|661.0|726|661.5|614|66545.07402256803
20200316.15:01:04:920|i2004|null||711.5|706.5|726.5|2534.0|728.0|728.0|704.0|146|1.047215E7|2465.0|711.5|717.0|748.5|664.5|0.0|0.0|711.0|2|716.5|1|71727.05479452055
20200316.15:47:47:300|TF2006|null|TF2006.CF2|101.65|101.66|101.64|28581.0|101.79|101.85|101.515|17608|1.79015935E10|28852.0|101.65|101.605|102.875|100.445|1.7976931348623157E308|1.7976931348623157E308|101.63|1|101.655|2|1016673.8698318946
20200316.14:59:58:000|CF101|null||12450.0|12715.0|12760.0|14593.0|12710.0|12710.0|12445.0|3315|4.16364E7|14921.0|12450.0|12560.0|13225.0|12205.0|0.0|0.0|12440.0|1|12450.0|1|12560.0
20200316.14:59:59:000|SA009|null||1600.0|1608.0|1606.0|5143.0|1610.0|1615.0|1598.0|1680|2698080.0|5597.0|1600.0|1606.0|1673.0|1543.0|0.0|0.0|1599.0|52|1601.0|9|1606.0
20200316.14:59:56:000|SA008|null||1600.0|1616.0|1615.0|91.0|1600.0|1600.0|1600.0|88|140800.0|3.0|1600.0|1600.0|1681.0|1551.0|0.0|0.0|1580.0|1|1600.0|4|1600.0
20200316.14:58:39:000|SA007|null||1600.0|1632.0|1648.0|44.0|1600.0|1600.0|1600.0|35|56000.0|9.0|1600.0|1600.0|1698.0|1566.0|0.0|0.0|0.0|0|1600.0|7|1600.0
20200316.15:00:00:000|SA006|null||1574.0|1574.0|1574.0|5.0|0.0|0.0|0.0|0|0.0|5.0|0.0|1573.0|1637.0|1511.0|0.0|0.0|1514.0|1|1573.0|1|0.0
20200316.14:59:59:000|SA005|null||1505.0|1518.0|1518.0|27301.0|1523.0|1527.0|1505.0|12752|1.9344784E7|26933.0|1505.0|1517.0|1579.0|1457.0|0.0|0.0|1505.0|27|1506.0|10|1517.0
20200316.14:59:56:000|OI101|null||6630.0|6663.0|6709.0|1524.0|6634.0|6702.0|6614.0|1004|6694672.0|1810.0|6630.0|6668.0|6930.0|6396.0|0.0|0.0|6624.0|1|6629.0|1|6668.0
20200316.15:01:04:920|j2012|null||1792.5|1787.0|1792.5|16.0|1.7976931348623157E308|1.7976931348623157E308|1.7976931348623157E308|0|0.0|16.0|1801.0|1801.0|1894.0|1680.0|0.0|0.0|1801.0|1|1833.0|3|0.0
20200316.15:01:04:920|j2011|null||1843.0|1843.0|1843.0|2.0|1.7976931348623157E308|1.7976931348623157E308|1.7976931348623157E308|0|0.0|2.0|1843.0|1843.0|1953.5|1732.5|0.0|0.0|1752.5|1|1951.0|1|0.0
20200316.15:01:04:900|bb2012|null||211.3|211.3|211.3|0.0|1.7976931348623157E308|1.7976931348623157E308|1.7976931348623157E308|0|0.0|0.0|211.05|211.05|228.20000000000002|194.4|0.0|0.0|1.7976931348623157E308|0|1.7976931348623157E308|0|0.0
20200316.15:01:04:900|bb2011|null||211.3|211.3|211.3|0.0|1.7976931348623157E308|1.7976931348623157E308|1.7976931348623157E308|0|0.0|0.0|211.05|211.05|228.20000000000002|194.4|0.0|0.0|1.7976931348623157E308|0|1.7976931348623157E308|0|0.0
20200316.15:01:04:900|bb2010|null||211.3|211.3|211.3|0.0|1.7976931348623157E308|1.7976931348623157E308|1.7976931348623157E308|0|0.0|0.0|211.05|211.05|228.20000000000002|194.4|0.0|0.0|1.7976931348623157E308|0|1.7976931348623157E308|0|0.0
20200316.15:01:04:920|j2010|null||1819.0|1819.0|1819.0|7.0|1.7976931348623157E308|1.7976931348623157E308|1.7976931348623157E308|0|0.0|7.0|1819.0|1819.0|1928.0|1710.0|0.0|0.0|1806.0|2|1863.0|2|0.0
20200316.15:01:04:900|bb2009|null||211.3|211.3|211.3|0.0|1.7976931348623157E308|1.7976931348623157E308|1.7976931348623157E308|0|0.0|0.0|211.05|211.05|228.20000000000002|194.4|0.0|0.0|1.7976931348623157E308|0|1.7976931348623157E308|0|0.0
20200316.15:01:04:900|bb2008|null||211.3|211.3|211.3|0.0|1.7976931348623157E308|1.7976931348623157E308|1.7976931348623157E308|0|0.0|0.0|211.05|211.05|228.20000000000002|194.4|0.0|0.0|1.7976931348623157E308|0|1.7976931348623157E308|0|0.0
20200316.15:01:04:900|bb2007|null||211.3|211.3|211.3|0.0|1.7976931348623157E308|1.7976931348623157E308|1.7976931348623157E308|0|0.0|0.0|211.05|211.05|228.20000000000002|194.4|0.0|0.0|1.7976931348623157E308|0|1.7976931348623157E308|0|0.0
20200316.15:01:04:900|bb2006|null||211.3|211.3|211.3|0.0|1.7976931348623157E308|1.7976931348623157E308|1.7976931348623157E308|0|0.0|0.0|211.05|211.05|228.20000000000002|194.4|0.0|0.0|1.7976931348623157E308|0|228.2|1|0.0
20200316.15:01:04:900|bb2005|null||161.0|161.0|161.0|0.0|1.7976931348623157E308|1.7976931348623157E308|1.7976931348623157E308|0|0.0|0.0|161.0|161.0|173.85|148.15|0.0|0.0|148.15|1|173.85|1|0.0
20200316.15:01:04:900|bb2004|null||180.8|188.8|190.20000000000002|4.0|194.0|194.0|180.8|8|754200.0|7.0|180.8|188.55|198.20000000000002|179.4|0.0|0.0|183.05|1|188.65|1|94275.0
20200316.15:01:04:920|i2102|null||582.5|579.0|601.0|70.0|592.5|594.0|582.5|11|646200.0|70.0|582.5|587.0|613.5|544.5|0.0|0.0|581.0|1|589.5|4|58745.454545454544
20200316.15:01:04:920|i2101|null||587.5|588.0|602.5|38574.0|600.0|600.0|585.5|14197|8.4241515E8|38240.0|587.5|593.0|623.0|553.0|0.0|0.0|587.0|87|588.0|18|59337.54666478834
20200316.15:00:00:000|CY010|null||19760.0|19760.0|19760.0|0.0|0.0|0.0|0.0|0|0.0|0.0|0.0|19545.0|21345.0|18175.0|0.0|0.0|0.0|0|0.0|0|0.0
20200316.15:01:04:920|j2005|null||1846.5|1836.0|1879.0|118262.0|1867.0|1872.0|1838.0|112123|2.082033555E10|104802.0|1846.5|1856.5|1946.0|1726.0|0.0|0.0|1846.5|2|1847.0|57|185691.92360175878
20200316.15:01:04:920|j2004|null||1852.5|1852.5|1852.5|0.0|1.7976931348623157E308|1.7976931348623157E308|1.7976931348623157E308|0|0.0|0.0|1852.5|1852.5|1963.5|1741.5|0.0|0.0|1814.0|2|1941.5|2|0.0
20200316.15:00:00:000|CY012|null||20125.0|20125.0|20125.0|0.0|0.0|0.0|0.0|0|0.0|0.0|0.0|19910.0|21735.0|18515.0|0.0|0.0|19845.0|1|0.0|0|0.0
20200316.15:01:04:920|j2007|null||1826.5|1826.5|1826.5|268.0|1.7976931348623157E308|1.7976931348623157E308|1.7976931348623157E308|0|0.0|268.0|1826.5|1826.5|1936.0|1717.0|0.0|0.0|1810.5|2|1901.0|2|0.0
20200316.15:00:00:000|CY011|null||20020.0|20020.0|20020.0|0.0|0.0|0.0|0.0|0|0.0|0.0|0.0|19805.0|21625.0|18415.0|0.0|0.0|0.0|0|0.0|0|0.0
20200316.15:01:04:920|j2006|null||1846.0|1846.0|1846.0|9.0|1.7976931348623157E308|1.7976931348623157E308|1.7976931348623157E308|0|0.0|9.0|1837.0|1837.0|1956.5|1735.5|0.0|0.0|1819.0|1|1837.0|1|0.0
20200316.15:01:04:900|a2009|null||3944.0|3930.0|3965.0|28966.0|3951.0|3998.0|3923.0|45293|1.79408403E9|30039.0|3944.0|3961.0|4087.0|3773.0|0.0|0.0|3944.0|1|3946.0|3|39610.62482061246
20200316.15:01:04:900|a2007|null||4198.0|4117.0|4147.0|141.0|4205.0|4205.0|4184.0|45|1889300.0|137.0|4198.0|4198.0|4281.0|3953.0|0.0|0.0|4193.0|2|4205.0|1|41984.444444444445
20200316.15:01:04:900|a2005|null||4226.0|4119.0|4164.0|99188.0|4148.0|4248.0|4146.0|192969|8.14112058E9|109379.0|4226.0|4218.0|4283.0|3955.0|0.0|0.0|4226.0|24|4228.0|11|42188.74834818028
20200316.15:01:04:900|a2011|null||3910.0|3950.0|3914.0|258.0|3954.0|3954.0|3897.0|15|586360.0|261.0|3910.0|3909.0|4108.0|3792.0|0.0|0.0|3796.0|1|3903.0|2|39090.666666666664
20200316.15:00:00:000|CY007|null||19265.0|19265.0|19265.0|0.0|0.0|0.0|0.0|0|0.0|0.0|0.0|19120.0|20040.0|18490.0|0.0|0.0|0.0|0|0.0|0|0.0
20200316.15:00:00:000|CY006|null||19680.0|19680.0|19680.0|2.0|0.0|0.0|0.0|0|0.0|2.0|0.0|19530.0|20470.0|18890.0|0.0|0.0|0.0|0|0.0|0|0.0
20200316.14:59:57:000|CY009|null||20100.0|20360.0|20375.0|54.0|20150.0|20210.0|20100.0|17|342380.0|61.0|20100.0|20140.0|21175.0|19545.0|0.0|0.0|20000.0|2|20090.0|1|20140.0
20200316.15:00:00:000|CY008|null||19830.0|19830.0|19830.0|0.0|0.0|0.0|0.0|0|0.0|0.0|0.0|19680.0|20625.0|19035.0|0.0|0.0|0.0|0|0.0|0|0.0
20200316.15:01:04:920|j2009|null||1848.5|1835.5|1878.5|31899.0|1870.0|1872.0|1843.0|15436|2.8699841E9|29179.0|1848.5|1859.0|1945.5|1725.5|0.0|0.0|1848.0|19|1848.5|1|185927.96708991966
20200316.15:01:04:920|j2008|null||1846.0|1846.0|1846.0|0.0|1.7976931348623157E308|1.7976931348623157E308|1.7976931348623157E308|0|0.0|0.0|1846.0|1846.0|1956.5|1735.5|0.0|0.0|1818.5|2|1899.0|2|0.0
20200316.15:00:00:000|SA012|null||1613.0|1613.0|1613.0|64.0|0.0|0.0|0.0|0|0.0|64.0|0.0|1613.0|1678.0|1548.0|0.0|0.0|1600.0|3|1637.0|1|0.0
20200316.15:00:00:000|SM102|null||6054.0|6054.0|6054.0|0.0|0.0|0.0|0.0|0|0.0|0.0|0.0|6162.0|6782.0|5326.0|0.0|0.0|0.0|0|0.0|0|0.0
20200316.14:59:29:000|SA011|null||1607.0|1620.0|1620.0|1389.0|1607.0|1607.0|1607.0|2|3214.0|1389.0|1607.0|1607.0|1685.0|1555.0|0.0|0.0|1601.0|4|1624.0|1|1607.0
20200316.14:59:58:000|SM101|null||6170.0|6062.0|6086.0|1205.0|6098.0|6222.0|6098.0|399|2461830.0|1009.0|6170.0|6170.0|6426.0|5698.0|0.0|0.0|6152.0|1|6176.0|1|6170.0
20200316.15:00:00:000|SA010|null||1608.0|1590.0|1608.0|8.0|0.0|0.0|0.0|0|0.0|8.0|0.0|1590.0|1654.0|1526.0|0.0|0.0|1581.0|1|1624.0|1|0.0
20200316.15:01:04:950|y2009|null||5308.0|5300.0|5368.0|250428.0|5292.0|5376.0|5272.0|216373|1.150110968E10|261152.0|5308.0|5314.0|5512.0|5088.0|0.0|0.0|5306.0|189|5308.0|54|53154.08891127821
20200316.15:01:04:920|j2102|null||1832.0|1832.0|1832.0|2.0|1.7976931348623157E308|1.7976931348623157E308|1.7976931348623157E308|0|0.0|2.0|1832.0|1832.0|1941.5|1722.5|0.0|0.0|1733.5|1|1929.0|1|0.0
20200316.15:01:04:920|j2101|null||1811.0|1801.5|1837.5|1044.0|1838.0|1838.0|1810.0|217|3.945225E7|1052.0|1811.0|1818.0|1909.5|1693.5|0.0|0.0|1812.0|1|1815.0|2|181807.60368663594
20200316.14:59:58:000|FG012|null||1415.0|1436.0|1437.0|4775.0|1418.0|1437.0|1413.0|55|78430.0|4808.0|1415.0|1426.0|1494.0|1378.0|0.0|0.0|1411.0|1|1417.0|1|1426.0
20200316.14:59:47:000|SF101|null||5656.0|5642.0|5646.0|1738.0|5654.0|5666.0|5634.0|74|418544.0|1738.0|5656.0|5656.0|5982.0|5302.0|0.0|0.0|5644.0|2|5656.0|9|5656.0
20200316.14:59:58:000|FG011|null||1426.0|1436.0|1436.0|558.0|1431.0|1431.0|1426.0|2|2858.0|560.0|1426.0|1429.0|1494.0|1378.0|0.0|0.0|1417.0|1|1431.0|1|1429.0
20200316.14:59:59:000|FG010|null||1425.0|1439.0|1439.0|48.0|1426.0|1426.0|1425.0|3|4275.0|51.0|1425.0|1425.0|1497.0|1381.0|0.0|0.0|1416.0|3|1425.0|1|1425.0
20200316.15:01:04:910|cs2011|null||2300.0|2270.0|2263.0|5.0|2250.0|2303.0|2250.0|8|182820.0|1.0|2300.0|2285.0|2360.0|2180.0|0.0|0.0|2300.0|1|1.7976931348623157E308|0|22852.5
20200316.15:01:04:950|y2011|null||5382.0|5408.0|5434.0|669.0|5444.0|5444.0|5382.0|29|1571560.0|668.0|5382.0|5418.0|5624.0|5192.0|0.0|0.0|5380.0|1|5418.0|1|54191.724137931036
20200316.15:01:04:950|y2012|null||5514.0|5496.0|5496.0|21.0|5420.0|5514.0|5420.0|4|219060.0|20.0|5514.0|5476.0|5714.0|5278.0|0.0|0.0|5440.0|3|5556.0|1|54765.0
20200316.15:01:04:910|c2009|null||1999.0|2007.0|2010.0|605719.0|2006.0|2018.0|1997.0|414472|8.32861974E9|604072.0|1999.0|2009.0|2087.0|1927.0|0.0|0.0|1998.0|738|1999.0|114|20094.529280626917
20200316.15:01:04:900|c2007|null||1973.0|1981.0|1981.0|69634.0|1983.0|1990.0|1972.0|31890|6.3236207E8|68760.0|1973.0|1982.0|2060.0|1902.0|0.0|0.0|1971.0|17|1974.0|225|19829.478519912198
20200316.14:59:59:000|FG009|null||1399.0|1433.0|1425.0|65794.0|1422.0|1425.0|1398.0|37822|5.332902E7|69722.0|1399.0|1410.0|1491.0|1375.0|0.0|0.0|1399.0|10|1400.0|88|1410.0
20200316.14:59:58:000|CY005|null||19335.0|19700.0|19655.0|8303.0|19630.0|19690.0|19335.0|10429|2.0388695E8|8370.0|19335.0|19550.0|20490.0|18910.0|0.0|0.0|19335.0|1|19345.0|1|19550.0
20200316.15:01:04:940|rr2101|null||3442.0|3396.0|3396.0|57.0|3442.0|3442.0|3442.0|1|34420.0|58.0|3442.0|3442.0|3531.0|3261.0|0.0|0.0|3438.0|1|3496.0|1|34420.0
20200316.15:00:00:000|CY004|null||18195.0|18195.0|18195.0|0.0|0.0|0.0|0.0|0|0.0|0.0|0.0|18055.0|18925.0|17465.0|0.0|0.0|0.0|0|0.0|0|0.0
20200316.15:01:04:940|rr2102|null||3445.0|3445.0|3445.0|2.0|1.7976931348623157E308|1.7976931348623157E308|1.7976931348623157E308|0|0.0|2.0|3491.0|3491.0|3582.0|3308.0|0.0|0.0|3350.0|1|1.7976931348623157E308|0|0.0
20200316.15:00:00:000|FG004|null||1479.0|1479.0|1479.0|0.0|0.0|0.0|0.0|0|0.0|0.0|0.0|1459.0|1539.0|1419.0|0.0|0.0|0.0|0|1537.0|3|0.0
20200316.15:00:00:000|FG008|null||1434.0|1434.0|1434.0|2.0|0.0|0.0|0.0|0|0.0|2.0|0.0|1410.0|1492.0|1376.0|0.0|0.0|1399.0|1|1410.0|1|0.0
20200316.15:06:02:202|c2005|null||1946.0|1952.0|1953.0|395441.0|1953.0|1959.0|1944.0|128822|2.5151258E9|380345.0|1946.0|1952.0|2030.0|1874.0|0.0|0.0|1945.0|543|1946.0|249|19524.03937215693
20200316.15:00:00:000|FG007|null||1379.0|1379.0|1379.0|0.0|0.0|0.0|0.0|0|0.0|0.0|0.0|1379.0|1435.0|1323.0|0.0|0.0|1326.0|1|1383.0|1|0.0
20200316.14:59:58:000|FG006|null||1371.0|1368.0|1360.0|56.0|1368.0|1371.0|1368.0|53|72504.0|5.0|1371.0|1368.0|1423.0|1313.0|0.0|0.0|1368.0|1|1383.0|1|1368.0
20200316.14:59:59:000|FG005|null||1343.0|1371.0|1361.0|134531.0|1355.0|1366.0|1341.0|145682|1.96962064E8|151892.0|1343.0|1352.0|1426.0|1316.0|0.0|0.0|1343.0|26|1344.0|176|1352.0
20200316.15:01:04:910|eg2101|null||4121.0|4176.0|4210.0|789.0|4200.0|4210.0|4101.0|190|7904170.0|847.0|4121.0|4160.0|4384.0|3968.0|0.0|0.0|4120.0|2|4135.0|1|41600.89473684211
20200316.15:01:04:910|eg2102|null||4245.0|4245.0|4245.0|1.0|1.7976931348623157E308|1.7976931348623157E308|1.7976931348623157E308|0|0.0|1.0|4229.0|4229.0|4457.0|4033.0|0.0|0.0|1.7976931348623157E308|0|4282.0|3|0.0
20200316.15:00:00:000|UR011|null||1671.0|1671.0|1671.0|103.0|0.0|0.0|0.0|0|0.0|103.0|0.0|1660.0|1738.0|1604.0|0.0|0.0|1626.0|1|1660.0|1|0.0
20200316.15:00:00:000|UR010|null||1671.0|1671.0|1671.0|3.0|0.0|0.0|0.0|0|0.0|3.0|0.0|1652.0|1738.0|1604.0|0.0|0.0|1637.0|1|1652.0|1|0.0
20200316.15:00:00:000|UR012|null||1691.0|1691.0|1691.0|0.0|0.0|0.0|0.0|0|0.0|0.0|0.0|1691.0|1759.0|1623.0|0.0|0.0|1625.0|1|1716.0|1|0.0
20200316.15:01:04:910|c2011|null||2015.0|2024.0|2025.0|5928.0|2022.0|2033.0|2015.0|5790|1.1729745E8|5742.0|2015.0|2025.0|2104.0|1944.0|0.0|0.0|2014.0|99|2017.0|114|20258.62694300518
20200316.15:00:00:000|OI011|null||6664.0|6664.0|6664.0|278.0|0.0|0.0|0.0|0|0.0|278.0|0.0|6678.0|6931.0|6397.0|0.0|0.0|6678.0|1|6744.0|1|0.0
20200316.15:01:04:930|jm2011|null||1192.5|1192.5|1192.5|2.0|1.7976931348623157E308|1.7976931348623157E308|1.7976931348623157E308|0|0.0|2.0|1201.5|1201.5|1264.0|1121.0|0.0|0.0|1160.5|1|1.7976931348623157E308|0|0.0
20200316.15:01:04:930|jm2010|null||1200.0|1197.5|1200.0|8.0|1.7976931348623157E308|1.7976931348623157E308|1.7976931348623157E308|0|0.0|8.0|1203.0|1203.0|1269.0|1126.0|0.0|0.0|1203.0|1|1236.0|2|0.0
20200316.15:01:04:930|jm2012|null||1188.5|1186.0|1186.0|5.0|1188.5|1188.5|1188.5|1|71310.0|6.0|1188.5|1188.5|1257.0|1115.0|0.0|0.0|1157.5|1|1247.0|1|71310.0
20200316.15:00:00:000|PM101|null||2285.0|2285.0|2285.0|0.0|0.0|0.0|0.0|0|0.0|0.0|0.0|2285.0|2468.0|2102.0|0.0|0.0|2102.0|2|2468.0|1|0.0
20200316.14:59:59:000|OI005|null||6838.0|6785.0|6875.0|87356.0|6822.0|6897.0|6750.0|183824|1.25735616E9|85842.0|6838.0|6840.0|7057.0|6513.0|0.0|0.0|6838.0|15|6840.0|85|6840.0
20200316.15:01:04:910|eg2010|null||4176.0|4176.0|4176.0|12.0|1.7976931348623157E308|1.7976931348623157E308|1.7976931348623157E308|0|0.0|12.0|4176.0|4176.0|4384.0|3968.0|0.0|0.0|3991.0|2|4242.0|3|0.0
20200316.15:00:00:000|CY102|null||21095.0|21095.0|21095.0|0.0|0.0|0.0|0.0|0|0.0|0.0|0.0|20865.0|22785.0|19405.0|0.0|0.0|0.0|0|0.0|0|0.0
20200316.14:59:59:000|OI009|null||6653.0|6660.0|6726.0|49206.0|6655.0|6725.0|6622.0|26704|1.782492E8|48551.0|6653.0|6675.0|6927.0|6393.0|0.0|0.0|6651.0|1|6653.0|5|6675.0
20200316.15:00:00:000|CY101|null||21435.0|21420.0|21435.0|3.0|0.0|0.0|0.0|0|0.0|3.0|0.0|21420.0|22280.0|20560.0|0.0|0.0|20950.0|1|21685.0|1|0.0
20200316.15:00:00:000|OI007|null||6660.0|6668.0|6660.0|113.0|0.0|0.0|0.0|0|0.0|113.0|0.0|6668.0|6935.0|6401.0|0.0|0.0|6601.0|1|6726.0|1|0.0
20200316.15:01:04:910|cs2005|null||2223.0|2253.0|2251.0|75923.0|2248.0|2255.0|2210.0|93252|2.08770813E9|80632.0|2223.0|2238.0|2343.0|2163.0|0.0|0.0|2223.0|187|2224.0|526|22387.810770814565
20200316.15:00:00:000|FG102|null||1423.0|1423.0|1423.0|1.0|0.0|0.0|0.0|0|0.0|1.0|0.0|1394.0|1480.0|1366.0|0.0|0.0|1374.0|1|1394.0|1|0.0
20200316.14:59:59:000|FG101|null||1386.0|1410.0|1407.0|5293.0|1405.0|1406.0|1385.0|1417|1976715.0|5988.0|1386.0|1395.0|1467.0|1353.0|0.0|0.0|1385.0|45|1387.0|259|1395.0
20200316.15:01:04:910|cs2009|null||2335.0|2350.0|2350.0|10322.0|2348.0|2357.0|2330.0|7779|1.8256369E8|10640.0|2335.0|2346.0|2444.0|2256.0|0.0|0.0|2335.0|89|2337.0|2|23468.78647641085
20200316.15:01:04:910|cs2007|null||2333.0|2333.0|2333.0|4.0|1.7976931348623157E308|1.7976931348623157E308|1.7976931348623157E308|0|0.0|4.0|2318.0|2318.0|2426.0|2240.0|0.0|0.0|1.7976931348623157E308|0|2387.0|1|0.0
20200316.15:01:04:930|jm2008|null||1211.0|1211.0|1211.0|0.0|1.7976931348623157E308|1.7976931348623157E308|1.7976931348623157E308|0|0.0|0.0|1211.0|1211.0|1307.5|1114.5|0.0|0.0|1164.5|1|1301.0|1|0.0
20200316.15:01:04:930|jm2007|null||1253.0|1253.0|1253.0|2.0|1.7976931348623157E308|1.7976931348623157E308|1.7976931348623157E308|0|0.0|2.0|1253.0|1253.0|1328.0|1178.0|0.0|0.0|1188.0|1|1265.0|1|0.0
20200316.15:00:00:000|SF102|null||5700.0|5700.0|5700.0|0.0|0.0|0.0|0.0|0|0.0|0.0|0.0|5714.0|6384.0|5016.0|0.0|0.0|0.0|0|0.0|0|0.0
20200316.15:01:04:930|jm2009|null||1219.5|1216.0|1232.0|12199.0|1233.0|1234.5|1219.0|4836|3.5563743E8|12910.0|1219.5|1225.5|1288.5|1143.5|0.0|0.0|1218.5|35|1220.0|1|73539.58436724565
20200316.15:01:04:910|eg2008|null||4028.0|4086.0|4117.0|59.0|4096.0|4096.0|4026.0|815|3.31456E7|279.0|4028.0|4066.0|4290.0|3882.0|0.0|0.0|3915.0|1|4073.0|2|40669.447852760735
20200316.15:01:04:910|eg2009|null||4050.0|4116.0|4158.0|49504.0|4100.0|4138.0|4050.0|28232|1.15769075E9|54928.0|4050.0|4100.0|4321.0|3911.0|0.0|0.0|4050.0|273|4052.0|7|41006.33146783792
20200316.15:01:04:910|eg2004|null||3973.0|3965.0|3973.0|1976.0|1.7976931348623157E308|1.7976931348623157E308|1.7976931348623157E308|0|0.0|1976.0|3965.0|3965.0|4163.0|3767.0|0.0|0.0|1.7976931348623157E308|0|3970.0|5|0.0
20200316.15:01:04:910|eg2005|null||3895.0|3967.0|4001.0|142768.0|3976.0|3990.0|3894.0|221705|8.74705952E9|144057.0|3895.0|3945.0|4165.0|3769.0|0.0|0.0|3893.0|183|3895.0|6|39453.59608488758
20200316.15:01:04:910|eg2006|null||3938.0|4036.0|4018.0|4200.0|4020.0|4020.0|3938.0|801|3.18947E7|4252.0|3938.0|3981.0|4237.0|3835.0|0.0|0.0|3920.0|2|3942.0|1|39818.60174781523
20200316.15:01:04:910|eg2007|null||3981.0|4068.0|4075.0|2668.0|4039.0|4046.0|3981.0|710|2.854582E7|2696.0|3981.0|4020.0|4271.0|3865.0|0.0|0.0|3954.0|1|3997.0|8|40205.380281690144
20200316.15:01:04:930|jm2004|null||1309.5|1309.5|1309.5|1.0|1.7976931348623157E308|1.7976931348623157E308|1.7976931348623157E308|0|0.0|1.0|1309.5|1309.5|1388.0|1231.0|0.0|0.0|1271.0|2|1368.5|2|0.0
20200316.15:01:04:950|y2005|null||5244.0|5196.0|5280.0|276990.0|5220.0|5322.0|5188.0|386874|2.034133574E10|278040.0|5244.0|5256.0|5402.0|4990.0|0.0|0.0|5242.0|30|5244.0|146|52578.70970910426
20200316.15:01:04:930|jm2006|null||1262.5|1262.5|1262.5|7.0|1.7976931348623157E308|1.7976931348623157E308|1.7976931348623157E308|0|0.0|7.0|1262.5|1262.5|1338.0|1187.0|0.0|0.0|1227.5|1|1278.0|1|0.0
20200316.15:01:04:950|y2007|null||5324.0|5302.0|5362.0|623.0|5324.0|5324.0|5324.0|2|106480.0|621.0|5324.0|5324.0|5514.0|5090.0|0.0|0.0|5306.0|2|5366.0|1|53240.0
20200316.15:01:04:910|eg2003|null||4230.0|4230.0|4230.0|0.0|1.7976931348623157E308|1.7976931348623157E308|1.7976931348623157E308|0|0.0|0.0|4230.0|4230.0|4483.0|3977.0|0.0|0.0|1.7976931348623157E308|0|1.7976931348623157E308|0|0.0
20200316.15:01:04:930|jm2005|null||1275.5|1272.0|1290.0|100467.0|1288.0|1288.0|1274.0|51514|3.95447997E9|90559.0|1275.5|1279.0|1348.0|1196.0|0.0|0.0|1275.0|20|1275.5|9|76765.15063866133
20200316.15:01:04:950|y2008|null||5328.0|5388.0|5388.0|4.0|5336.0|5394.0|5328.0|6|321000.0|2.0|5328.0|5350.0|5602.0|5174.0|0.0|0.0|1.7976931348623157E308|0|5314.0|1|53500.0
20200316.15:06:02:204|jd2003|null||2788.0|2762.0|2760.0|267.0|2796.0|2830.0|2788.0|34|954600.0|231.0|2788.0|2807.0|2982.0|2542.0|0.0|0.0|2790.0|10|2830.0|3|28076.470588235294
20200316.15:01:04:920|jd2006|null||3296.0|3249.0|3283.0|36415.0|3259.0|3329.0|3246.0|48343|1.59212733E9|34926.0|3296.0|3293.0|3443.0|3055.0|0.0|0.0|3295.0|24|3296.0|13|32933.97865254535
20200316.15:01:04:920|jd2007|null||3590.0|3545.0|3575.0|13966.0|3570.0|3636.0|3556.0|7478|2.6934811E8|13797.0|3590.0|3601.0|3722.0|3368.0|0.0|0.0|3590.0|1|3599.0|3|36018.7362931265
20200316.15:01:04:920|jd2004|null||2952.0|2945.0|2935.0|15998.0|2970.0|2998.0|2935.0|14667|4.3425473E8|13576.0|2952.0|2960.0|3180.0|2710.0|0.0|0.0|2951.0|11|2952.0|5|29607.604145360332
20200316.15:01:04:920|jd2005|null||3205.0|3173.0|3210.0|213449.0|3221.0|3258.0|3177.0|377273|1.213195713E10|214352.0|3205.0|3215.0|3395.0|2951.0|0.0|0.0|3204.0|47|3207.0|152|32156.971556406104
20200316.14:59:58:000|RM011|null||2248.0|2248.0|2257.0|9669.0|2244.0|2286.0|2239.0|730|1651990.0|9881.0|2248.0|2263.0|2361.0|2135.0|0.0|0.0|2246.0|19|2248.0|6|2263.0
20200316.15:01:04:910|eg2011|null||4174.0|4174.0|4174.0|20.0|1.7976931348623157E308|1.7976931348623157E308|1.7976931348623157E308|0|0.0|20.0|4158.0|4158.0|4382.0|3966.0|0.0|0.0|1.7976931348623157E308|0|4271.0|3|0.0
20200316.15:01:04:910|eg2012|null||4241.0|4241.0|4241.0|3.0|1.7976931348623157E308|1.7976931348623157E308|1.7976931348623157E308|0|0.0|3.0|4225.0|4225.0|4453.0|4029.0|0.0|0.0|1.7976931348623157E308|0|4265.0|3|0.0
20200316.15:01:04:900|b2101|null||3086.0|3072.0|3081.0|74.0|3109.0|3118.0|3086.0|12|373050.0|72.0|3086.0|3108.0|3194.0|2950.0|0.0|0.0|3070.0|1|3094.0|3|31087.5
20200316.15:01:04:900|b2102|null||3076.0|3076.0|3076.0|0.0|1.7976931348623157E308|1.7976931348623157E308|1.7976931348623157E308|0|0.0|0.0|3076.0|3076.0|3199.0|2953.0|0.0|0.0|3021.0|1|3148.0|1|0.0
20200316.15:00:00:000|UR004|null||1773.0|1773.0|1773.0|4.0|0.0|0.0|0.0|0|0.0|4.0|0.0|1760.0|1844.0|1702.0|0.0|0.0|0.0|0|1747.0|5|0.0
20200316.14:59:50:000|LR007|null||2746.0|2758.0|2747.0|3.0|2769.0|2794.0|2650.0|9|24687.0|2.0|2746.0|2743.0|2869.0|2647.0|0.0|0.0|2709.0|1|2795.0|1|2743.0
20200316.15:00:00:000|UR008|null||1706.0|1706.0|1706.0|7.0|0.0|0.0|0.0|0|0.0|7.0|0.0|1677.0|1775.0|1637.0|0.0|0.0|1637.0|1|1677.0|1|0.0
20200316.14:59:59:000|UR007|null||1650.0|1667.0|1672.0|2341.0|1665.0|1666.0|1644.0|31|51305.0|2319.0|1650.0|1655.0|1734.0|1600.0|0.0|0.0|1646.0|1|1656.0|1|1655.0
20200316.14:59:59:000|UR006|null||1662.0|1688.0|1673.0|2.0|1716.0|1716.0|1662.0|2|3378.0|1.0|1662.0|1689.0|1756.0|1620.0|0.0|0.0|1662.0|1|1693.0|1|1689.0
20200316.14:59:59:000|UR005|null||1697.0|1721.0|1727.0|59160.0|1720.0|1730.0|1690.0|61981|1.05863548E8|60614.0|1697.0|1708.0|1790.0|1652.0|0.0|0.0|1695.0|28|1697.0|77|1708.0
20200316.14:59:59:000|UR009|null||1633.0|1650.0|1655.0|14892.0|1649.0|1649.0|1627.0|3693|6060213.0|15403.0|1633.0|1641.0|1716.0|1584.0|0.0|0.0|1633.0|2|1634.0|6|1641.0
20200316.15:01:04:940|p2102|null||4690.0|4726.0|4768.0|3.0|4710.0|4710.0|4690.0|2|94000.0|5.0|4690.0|4700.0|4962.0|4490.0|0.0|0.0|4492.0|1|4900.0|3|47000.0
20200316.15:01:04:940|p2101|null||4614.0|4688.0|4734.0|14336.0|4700.0|4716.0|4602.0|6555|3.0535442E8|16018.0|4614.0|4658.0|4922.0|4454.0|0.0|0.0|4612.0|1|4618.0|1|46583.435545385204
20200316.14:59:59:000|RM009|null||2298.0|2292.0|2309.0|149373.0|2291.0|2345.0|2289.0|206020|4.7734834E8|152991.0|2298.0|2317.0|2407.0|2177.0|0.0|0.0|2297.0|198|2298.0|41|2317.0
20200316.15:01:04:950|y2101|null||5424.0|5426.0|5484.0|23906.0|5426.0|5492.0|5392.0|4841|2.6336568E8|23995.0|5424.0|5440.0|5642.0|5210.0|0.0|0.0|5412.0|1|5428.0|12|54403.15637265028
20200316.14:59:58:000|RM008|null||2316.0|2300.0|2318.0|439.0|2320.0|2320.0|2316.0|2|4636.0|440.0|2316.0|2318.0|2415.0|2185.0|0.0|0.0|2300.0|1|2305.0|1|2318.0
20200316.15:01:04:930|jm2101|null||1190.5|1187.5|1199.5|165.0|1193.5|1200.5|1190.5|17|1216830.0|166.0|1190.5|1192.5|1258.5|1116.5|0.0|0.0|1190.5|2|1203.5|2|71578.23529411765
20200316.15:00:00:000|LR005|null||2614.0|2614.0|2614.0|1.0|0.0|0.0|0.0|0|0.0|1.0|0.0|2600.0|2719.0|2509.0|0.0|0.0|2588.0|1|0.0|0|0.0
20200316.14:59:59:000|RM007|null||2306.0|2290.0|2311.0|19063.0|2301.0|2347.0|2293.0|27525|6.3830475E7|19520.0|2306.0|2319.0|2405.0|2175.0|0.0|0.0|2304.0|6|2306.0|3|2319.0
20200316.14:59:59:000|RM005|null||2305.0|2290.0|2308.0|162426.0|2296.0|2349.0|2291.0|631110|1.46291298E9|166320.0|2305.0|2318.0|2405.0|2175.0|0.0|0.0|2304.0|244|2305.0|186|2318.0
20200316.15:01:04:930|jm2102|null||1185.5|1185.5|1185.5|0.0|1.7976931348623157E308|1.7976931348623157E308|1.7976931348623157E308|0|0.0|0.0|1185.5|1185.5|1280.0|1091.0|0.0|0.0|1136.0|1|1272.5|1|0.0
20200316.15:01:04:930|jd2101|null||4112.0|4098.0|4120.0|6087.0|4129.0|4140.0|4103.0|773|3.187098E7|6112.0|4112.0|4123.0|4302.0|3894.0|0.0|0.0|4107.0|1|4117.0|2|41230.24579560155
20200316.15:01:04:930|jd2102|null||3649.0|3636.0|3655.0|1406.0|3658.0|3665.0|3647.0|225|8230130.0|1463.0|3649.0|3657.0|3817.0|3455.0|0.0|0.0|3648.0|6|3653.0|1|36578.35555555556
20200316.15:00:00:000|UR102|null||1663.0|1663.0|1663.0|1.0|0.0|0.0|0.0|0|0.0|1.0|0.0|1655.0|1730.0|1596.0|0.0|0.0|0.0|0|1674.0|2|0.0
20200316.14:59:59:000|UR101|null||1622.0|1638.0|1641.0|1084.0|1631.0|1637.0|1619.0|102|166260.0|1163.0|1622.0|1630.0|1704.0|1572.0|0.0|0.0|1621.0|2|1624.0|1|1630.0
20200316.15:01:04:910|c2101|null||2033.0|2040.0|2040.0|24176.0|2031.0|2047.0|2031.0|7676|1.5662001E8|24167.0|2033.0|2040.0|2121.0|1959.0|0.0|0.0|2032.0|148|2036.0|63|20403.85747785305
20200316.15:47:47:300|IH2009|null|IH2009.CF|2605.6|2731.8|2745.0|9219.0|2750.0|2750.0|2602.0|3528|2.82316332E9|9085.0|2605.6|2623.4|3004.8|2458.8|1.7976931348623157E308|1.7976931348623157E308|2602.0|1|2606.0|1|800216.3605442176
20200316.15:47:47:300|IH2006|null|IH2006.CF|2630.0|2754.2|2771.6|17186.0|2775.0|2775.0|2627.2|9704|7.86026844E9|16825.0|2630.0|2650.2|3029.6|2478.8|1.7976931348623157E308|1.7976931348623157E308|2627.8|1|2629.2|1|810002.9307502061
20200316.15:47:47:300|IH2004|null|IH2004.CF|2660.0|2780.0|2792.8|8626.0|2779.8|2785.8|2660.0|7478|6.1047534E9|10481.0|2660.0|2678.0|3058.0|2502.0|1.7976931348623157E308|1.7976931348623157E308|2660.0|1|2660.8|2|816361.7812249265
20200316.15:47:47:300|IH2003|null|IH2003.CF|2668.6|2780.4|2800.0|44688.0|2781.4|2783.2|2667.8|40067|3.280355184E10|37972.0|2668.6|2684.2|3058.4|2502.4|1.7976931348623157E308|1.7976931348623157E308|2668.0|3|2668.6|2|818717.4442808296
20200316.15:01:04:910|eb2004|null||5850.0|6000.0|6000.0|1272.0|6100.0|6100.0|5802.0|109|3221110.0|1267.0|5850.0|5910.0|6240.0|5760.0|0.0|0.0|5802.0|5|5900.0|15|29551.467889908257
20200316.15:01:04:940|p2010|null||4644.0|4854.0|4854.0|5.0|4620.0|4678.0|4620.0|16|741840.0|16.0|4644.0|4636.0|5096.0|4612.0|0.0|0.0|1.7976931348623157E308|0|4644.0|1|46365.0
20200316.15:01:04:940|p2012|null||4694.0|4696.0|4694.0|172.0|1.7976931348623157E308|1.7976931348623157E308|1.7976931348623157E308|0|0.0|172.0|4696.0|4696.0|4930.0|4462.0|0.0|0.0|4634.0|4|4790.0|1|0.0
20200316.15:01:04:940|p2011|null||4660.0|4654.0|4654.0|9.0|4678.0|4678.0|4660.0|4|186880.0|11.0|4660.0|4672.0|4886.0|4422.0|0.0|0.0|1.7976931348623157E308|0|4636.0|2|46720.0
20200316.14:59:58:000|SR011|null||5478.0|5523.0|5549.0|10568.0|5480.0|5500.0|5468.0|67|367361.0|10557.0|5478.0|5483.0|5744.0|5302.0|0.0|0.0|5477.0|1|5479.0|1|5483.0
20200316.15:01:04:910|eb2012|null||6257.0|6257.0|6257.0|2.0|1.7976931348623157E308|1.7976931348623157E308|1.7976931348623157E308|0|0.0|2.0|6240.0|6240.0|6507.0|6007.0|0.0|0.0|1.7976931348623157E308|0|1.7976931348623157E308|0|0.0
20200316.15:01:04:910|eb2011|null||6364.0|6364.0|6364.0|0.0|1.7976931348623157E308|1.7976931348623157E308|1.7976931348623157E308|0|0.0|0.0|6347.0|6347.0|6873.0|5855.0|0.0|0.0|1.7976931348623157E308|0|6381.0|1|0.0
20200316.15:01:04:910|eb2010|null||6193.0|6193.0|6193.0|2.0|1.7976931348623157E308|1.7976931348623157E308|1.7976931348623157E308|0|0.0|2.0|6177.0|6177.0|6440.0|5946.0|0.0|0.0|1.7976931348623157E308|0|6320.0|1|0.0
20200316.15:01:04:910|eb2009|null||6145.0|6222.0|6302.0|13631.0|6086.0|6285.0|6086.0|2404|7.458741E7|13557.0|6145.0|6205.0|6470.0|5974.0|0.0|0.0|6137.0|1|6151.0|1|31026.3768718802
20200316.15:01:04:910|eb2006|null||6044.0|6071.0|6149.0|1534.0|6108.0|6158.0|6044.0|1916|5.864609E7|1898.0|6044.0|6121.0|6313.0|5829.0|0.0|0.0|6032.0|1|6062.0|1|30608.606471816285
20200316.15:01:04:910|eb2005|null||5943.0|6006.0|6083.0|66856.0|6065.0|6075.0|5939.0|56941|1.7129823E9|64478.0|5943.0|6016.0|6246.0|5766.0|0.0|0.0|5943.0|8|5945.0|1|30083.460072706835
20200316.15:01:04:910|eb2008|null||6110.0|6165.0|6195.0|456.0|6191.0|6237.0|6110.0|2635|8.1626525E7|1410.0|6110.0|6195.0|6411.0|5919.0|0.0|0.0|6011.0|20|6112.0|1|30977.80834914611
20200316.15:01:04:910|eb2007|null||6087.0|6138.0|6197.0|1124.0|6173.0|6218.0|6084.0|2582|7.970441E7|1747.0|6087.0|6173.0|6383.0|5893.0|0.0|0.0|6061.0|1|6155.0|1|30869.25251742835
20200316.14:59:15:000|ZC103|null||530.0|544.8000000000001|544.8000000000001|0.0|530.0|530.0|530.0|1|530.0|1.0|530.0|530.0|599.4|490.20000000000005|0.0|0.0|530.0|5|554.0|1|530.0
20200316.15:00:00:000|ZC102|null||544.8000000000001|544.8000000000001|544.8000000000001|0.0|0.0|0.0|0.0|0|0.0|0.0|0.0|544.8000000000001|572.2|517.4|0.0|0.0|531.2|1|548.6|1|0.0
20200316.14:59:59:000|ZC101|null||542.0|544.2|546.0|308.0|544.2|546.2|540.4|66|35785.200000000004|339.0|542.0|542.2|571.6|516.8000000000001|0.0|0.0|541.0|1|543.0|1|542.2
20200316.15:01:04:910|eb2101|null||6300.0|6345.0|6443.0|246.0|6443.0|6443.0|6300.0|15|475180.0|257.0|6300.0|6335.0|6598.0|6092.0|0.0|0.0|6288.0|1|6386.0|1|31678.666666666668
20200316.15:01:04:910|eb2102|null||6117.0|6117.0|6117.0|1.0|1.7976931348623157E308|1.7976931348623157E308|1.7976931348623157E308|0|0.0|1.0|6108.0|6108.0|6361.0|5873.0|0.0|0.0|1.7976931348623157E308|0|1.7976931348623157E308|0|0.0
20200316.14:59:53:000|CJ012|null||10675.0|10700.0|10705.0|2411.0|10660.0|10725.0|10645.0|44|469920.0|2414.0|10675.0|10680.0|11235.0|10165.0|0.0|0.0|10640.0|2|10665.0|1|10680.0
20200316.15:01:04:940|v2101|null||6250.0|6270.0|6290.0|8722.0|6280.0|6300.0|6250.0|1271|3.99134E7|8670.0|6250.0|6280.0|6520.0|6020.0|0.0|0.0|6250.0|106|6260.0|1|31403.147128245477
20200316.15:01:04:940|v2102|null||6255.0|6255.0|6255.0|0.0|1.7976931348623157E308|1.7976931348623157E308|1.7976931348623157E308|0|0.0|0.0|6260.0|6260.0|6505.0|6005.0|0.0|0.0|1.7976931348623157E308|0|6400.0|1|0.0
20200316.15:01:04:930|jd2011|null||3959.0|3946.0|3958.0|1978.0|3957.0|3990.0|3948.0|229|9092550.0|2030.0|3959.0|3970.0|4143.0|3749.0|0.0|0.0|3955.0|1|3962.0|1|39705.45851528384
20200316.14:59:59:000|ZC009|null||542.8000000000001|545.2|546.8000000000001|49311.0|546.0|546.6|542.6|4563|2483184.6|50137.0|542.8000000000001|544.2|572.6|517.8000000000001|0.0|0.0|543.0|1|543.4|1|544.2
20200316.15:01:04:930|jd2012|null||4115.0|4091.0|4111.0|1567.0|4129.0|4130.0|4093.0|99|4074160.0|1569.0|4115.0|4115.0|4295.0|3887.0|0.0|0.0|4113.0|1|4118.0|1|41153.131313131315
20200316.15:01:04:920|jd2010|null||3875.0|3859.0|3878.0|8320.0|3882.0|3909.0|3863.0|594|2.309155E7|8362.0|3875.0|3887.0|4051.0|3667.0|0.0|0.0|3874.0|10|3876.0|2|38874.6632996633
20200316.15:01:04:930|p2005|null||4602.0|4606.0|4676.0|250128.0|4602.0|4710.0|4564.0|1012293|4.692331E10|254461.0|4602.0|4634.0|4836.0|4376.0|0.0|0.0|4598.0|316|4600.0|48|46353.48658935703
20200316.15:01:04:930|p2004|null||4720.0|4782.0|4782.0|6.0|4780.0|4850.0|4620.0|8|381280.0|4.0|4720.0|4766.0|5020.0|4544.0|0.0|0.0|4560.0|1|4758.0|1|47660.0
20200316.15:01:04:930|p2007|null||4644.0|4666.0|4666.0|317.0|4746.0|4746.0|4614.0|12|561920.0|315.0|4644.0|4682.0|4898.0|4434.0|0.0|0.0|4598.0|2|4656.0|1|46826.666666666664
20200316.15:01:04:930|p2006|null||4654.0|4584.0|4688.0|37.0|4620.0|4748.0|4620.0|24|1122300.0|27.0|4654.0|4676.0|4812.0|4356.0|0.0|0.0|4626.0|1|4790.0|10|46762.5
20200316.15:01:04:940|p2009|null||4544.0|4614.0|4676.0|169496.0|4600.0|4656.0|4542.0|252972|1.161477888E10|175910.0|4544.0|4590.0|4844.0|4384.0|0.0|0.0|4544.0|175|4546.0|9|45913.298230634224
20200316.15:01:04:930|p2008|null||4532.0|4652.0|4652.0|2.0|4644.0|4716.0|4532.0|6|277880.0|4.0|4532.0|4630.0|4884.0|4420.0|0.0|0.0|4532.0|1|4620.0|1|46313.333333333336
20200316.15:00:00:000|ZC004|null||540.0|540.0|540.0|2.0|0.0|0.0|0.0|0|0.0|2.0|0.0|540.2|567.0|513.0|0.0|0.0|0.0|0|544.0|2|0.0
20200316.15:01:04:920|jd2008|null||4208.0|4175.0|4204.0|13429.0|4220.0|4237.0|4191.0|3454|1.4556845E8|13620.0|4208.0|4214.0|4383.0|3967.0|0.0|0.0|4202.0|2|4208.0|1|42144.88998262883
20200316.15:01:04:920|jd2009|null||4294.0|4253.0|4288.0|51059.0|4300.0|4338.0|4280.0|32699|1.40850091E9|52478.0|4294.0|4307.0|4465.0|4041.0|0.0|0.0|4293.0|2|4294.0|4|43074.73959448301
20200316.15:00:00:000|ZC008|null||546.6|546.6|546.6|1.0|0.0|0.0|0.0|0|0.0|1.0|0.0|546.6|574.0|519.2|0.0|0.0|538.6|1|548.4|1|0.0
20200316.14:59:59:000|ZC007|null||545.2|546.2|547.8000000000001|40259.0|548.0|548.0|545.0|11130|6076980.0|40271.0|545.2|546.0|573.6|518.8000000000001|0.0|0.0|545.2|27|545.4|1|546.0
20200316.15:00:00:000|ZC006|null||542.4|542.4|542.4|1.0|0.0|0.0|0.0|0|0.0|1.0|0.0|542.4|569.6|515.2|0.0|0.0|538.0|1|546.8000000000001|1|0.0
20200316.14:59:59:000|ZC005|null||538.6|539.4|541.6|109291.0|542.0|542.0|538.4|30954|1.67027784E7|112013.0|538.6|539.6|566.4|512.4|0.0|0.0|538.6|373|539.0|21|539.6
20200316.14:59:57:000|MA102|null||2053.0|2074.0|2074.0|3362.0|2074.0|2074.0|2053.0|12|24852.0|3370.0|2053.0|2071.0|2178.0|1970.0|0.0|0.0|2039.0|1|2059.0|1|2071.0
20200316.14:59:58:000|SR101|null||5479.0|5504.0|5554.0|18161.0|5526.0|5526.0|5470.0|1546|8482902.0|18630.0|5479.0|5487.0|5725.0|5283.0|0.0|0.0|5479.0|324|5481.0|27|5487.0
20200316.14:59:58:000|MA101|null||2018.0|2038.0|2056.0|13328.0|2048.0|2050.0|2017.0|1751|3561534.0|13613.0|2018.0|2034.0|2140.0|1936.0|0.0|0.0|2018.0|51|2020.0|1|2034.0
20200316.15:00:00:000|PM007|null||2211.0|2211.0|2211.0|43.0|0.0|0.0|0.0|0|0.0|43.0|0.0|2211.0|2300.0|2122.0|0.0|0.0|2189.0|1|2249.0|1|0.0
20200316.14:42:02:000|JR101|null||2890.0|3005.0|3018.0|3.0|2890.0|2890.0|2890.0|1|2890.0|2.0|2890.0|2890.0|3126.0|2884.0|0.0|0.0|2890.0|1|3001.0|1|2890.0
20200316.15:00:00:000|PM005|null||2103.0|2103.0|2103.0|0.0|0.0|0.0|0.0|0|0.0|0.0|0.0|2103.0|2272.0|1934.0|0.0|0.0|0.0|0|0.0|0|0.0
20200316.14:59:59:000|ZC011|null||544.2|546.0|547.6|1602.0|547.2|547.2|543.0|79|43039.200000000004|1658.0|544.2|544.8000000000001|573.4|518.6|0.0|0.0|544.4|1|545.2|1|544.8000000000001
20200316.15:00:00:000|ZC010|null||548.2|548.2|548.2|0.0|0.0|0.0|0.0|0|0.0|0.0|0.0|547.2|575.8000000000001|520.6|0.0|0.0|536.4|1|547.2|1|0.0
20200316.15:00:00:000|PM009|null||2114.0|2114.0|2114.0|0.0|0.0|0.0|0.0|0|0.0|0.0|0.0|2114.0|2284.0|1944.0|0.0|0.0|0.0|0|0.0|0|0.0
20200316.15:00:00:000|ZC012|null||550.0|550.0|550.0|60.0|0.0|0.0|0.0|0|0.0|60.0|0.0|549.8000000000001|577.6|522.4|0.0|0.0|538.6|1|549.8000000000001|1|0.0
20200316.14:59:59:000|CJ009|null||10420.0|10460.0|10485.0|4528.0|10470.0|10540.0|10410.0|1408|1.474176E7|4295.0|10420.0|10470.0|10985.0|9935.0|0.0|0.0|10420.0|1|10430.0|1|10470.0
20200316.14:59:59:000|CJ007|null||10400.0|10400.0|10450.0|1146.0|10420.0|10475.0|10395.0|34|354280.0|1143.0|10400.0|10420.0|10920.0|9880.0|0.0|0.0|10365.0|1|10385.0|1|10420.0
20200316.15:01:04:940|pp2004|null||6774.0|6779.0|6800.0|856.0|6774.0|6774.0|6774.0|1|33870.0|855.0|6774.0|6774.0|7050.0|6508.0|0.0|0.0|6650.0|50|6900.0|108|33870.0
20200316.15:01:04:940|pp2005|null||6686.0|6766.0|6834.0|255235.0|6782.0|6820.0|6686.0|398503|1.3461523325E10|281752.0|6686.0|6756.0|7036.0|6496.0|0.0|0.0|6686.0|46|6687.0|1|33780.23082636768
20200316.15:01:04:940|pp2006|null||6720.0|6792.0|6846.0|1939.0|6846.0|6850.0|6718.0|1943|6.5914805E7|1784.0|6720.0|6784.0|7063.0|6521.0|0.0|0.0|6701.0|14|6816.0|1|33924.2434379825
20200316.15:01:04:940|pp2007|null||6750.0|6825.0|6881.0|2093.0|6828.0|6869.0|6746.0|4475|1.5218293E8|2188.0|6750.0|6801.0|7098.0|6552.0|0.0|0.0|6740.0|2|6806.0|2|34007.358659217876
20200316.15:01:04:940|pp2008|null||6776.0|6848.0|6905.0|1430.0|6848.0|6895.0|6774.0|7755|2.6503721E8|1869.0|6776.0|6835.0|7121.0|6575.0|0.0|0.0|6730.0|80|6784.0|1|34176.30045132173
20200316.15:01:04:940|pp2009|null||6790.0|6865.0|6935.0|119185.0|6865.0|6919.0|6788.0|88249|3.02430688E9|132946.0|6790.0|6854.0|7139.0|6591.0|0.0|0.0|6788.0|136|6790.0|24|34270.15467597367
20200316.15:01:04:910|cs2101|null||2378.0|2388.0|2388.0|222.0|2389.0|2394.0|2376.0|49|1167300.0|250.0|2378.0|2382.0|2483.0|2293.0|0.0|0.0|2375.0|1|2390.0|1|23822.448979591838
20200316.14:59:58:000|SF012|null||5550.0|5544.0|5544.0|1.0|5550.0|5550.0|5550.0|1|5550.0|0.0|5550.0|5550.0|5878.0|5210.0|0.0|0.0|0.0|0|0.0|0|5550.0
20200316.15:47:47:300|T2009|null|T2009.CF2|100.625|100.685|100.59|4636.0|100.98|100.98|100.44|2312|2.32781205E9|4576.0|100.625|100.58|102.695|98.675|1.7976931348623157E308|1.7976931348623157E308|100.61|5|100.645|2|1006839.1219723184
20200316.14:59:55:000|SF010|null||5562.0|5556.0|5556.0|12.0|5562.0|5562.0|5562.0|8|44496.0|12.0|5562.0|5562.0|5890.0|5222.0|0.0|0.0|5552.0|12|5704.0|1|5562.0
20200316.15:00:00:000|SF011|null||5658.0|5658.0|5658.0|0.0|0.0|0.0|0.0|0|0.0|0.0|0.0|5664.0|6338.0|4978.0|0.0|0.0|0.0|0|6010.0|1|0.0
20200316.15:47:47:300|T2006|null|T2006.CF2|101.065|101.05|100.995|75734.0|101.28|101.37|100.81|75564|7.63661813E10|74389.0|101.065|100.99|103.07|99.03|1.7976931348623157E308|1.7976931348623157E308|101.06|13|101.065|17|1010615.9189561167
20200316.14:59:59:000|SF005|null||5592.0|5592.0|5596.0|63575.0|5600.0|5626.0|5566.0|48070|2.6890358E8|62150.0|5592.0|5594.0|5928.0|5256.0|0.0|0.0|5592.0|75|5594.0|40|5594.0
20200316.15:00:00:000|SF006|null||5570.0|5570.0|5570.0|0.0|0.0|0.0|0.0|0|0.0|0.0|0.0|5572.0|5906.0|5234.0|0.0|0.0|0.0|0|0.0|0|0.0
20200316.15:00:00:000|SF004|null||5780.0|5780.0|5780.0|1.0|0.0|0.0|0.0|0|0.0|1.0|0.0|5780.0|6128.0|5432.0|0.0|0.0|5432.0|1|6000.0|1|0.0
20200316.14:59:59:000|SF009|null||5700.0|5694.0|5702.0|11988.0|5696.0|5728.0|5672.0|3478|1.9803732E7|12441.0|5700.0|5694.0|6036.0|5352.0|0.0|0.0|5700.0|15|5704.0|19|5694.0
20200316.15:00:00:000|SF007|null||5606.0|5606.0|5606.0|2.0|0.0|0.0|0.0|0|0.0|2.0|0.0|5608.0|5944.0|5268.0|0.0|0.0|0.0|0|0.0|0|0.0
20200316.14:59:59:000|SF008|null||5762.0|5762.0|5762.0|1.0|5762.0|5762.0|5762.0|1|5762.0|0.0|5762.0|5762.0|6108.0|5416.0|0.0|0.0|0.0|0|0.0|0|5762.0
20200316.15:00:00:000|PM011|null||2285.0|2285.0|2285.0|0.0|0.0|0.0|0.0|0|0.0|0.0|0.0|2285.0|2468.0|2102.0|0.0|0.0|2102.0|1|2468.0|1|0.0
20200316.14:59:59:000|CJ005|null||10300.0|10325.0|10360.0|19677.0|10355.0|10410.0|10290.0|20987|2.17110515E8|19217.0|10300.0|10345.0|10845.0|9805.0|0.0|0.0|10295.0|36|10305.0|15|10345.0
20200316.15:01:04:940|pp2010|null||6954.0|6954.0|6954.0|17.0|1.7976931348623157E308|1.7976931348623157E308|1.7976931348623157E308|0|0.0|17.0|6943.0|6943.0|7232.0|6676.0|0.0|0.0|1.7976931348623157E308|0|7079.0|3|0.0
20200316.15:01:04:940|pp2011|null||6927.0|6944.0|6944.0|18.0|6976.0|6982.0|6891.0|18|624515.0|18.0|6927.0|6939.0|7221.0|6667.0|0.0|0.0|6677.0|1|7085.0|3|34695.27777777778
20200316.15:01:04:940|pp2012|null||7125.0|7125.0|7125.0|530.0|1.7976931348623157E308|1.7976931348623157E308|1.7976931348623157E308|0|0.0|530.0|7023.0|7023.0|7410.0|6840.0|0.0|0.0|6855.0|3|7023.0|7|0.0
20200316.14:59:59:000|SR005|null||5516.0|5474.0|5553.0|176157.0|5518.0|5540.0|5481.0|209415|1.154504895E9|170832.0|5516.0|5513.0|5693.0|5255.0|0.0|0.0|5514.0|2|5516.0|23|5513.0
20200316.15:47:47:300|TS2006|null||101.065|101.08|101.08|11813.0|101.125|101.17|101.025|8673|1.75342637E10|11849.0|101.065|101.06|101.585|100.575|1.7976931348623157E308|1.7976931348623157E308|101.065|40|101.07|11|2021706.8719013028
20200316.15:47:47:300|TS2009|null||100.86|100.9|100.89|2495.0|100.965|100.965|100.835|63|1.271065E8|2489.0|100.86|100.865|101.4|100.4|1.7976931348623157E308|1.7976931348623157E308|100.865|5|100.885|16|2017563.492063492
20200316.14:59:50:000|JR009|null||2783.0|2768.0|2768.0|0.0|2660.0|2841.0|2660.0|4|10988.0|0.0|2783.0|2747.0|2879.0|2657.0|0.0|0.0|2660.0|1|0.0|0|2747.0
20200316.14:59:59:000|SR009|null||5461.0|5463.0|5532.0|182665.0|5488.0|5499.0|5444.0|84364|4.61302352E8|182583.0|5461.0|5468.0|5682.0|5244.0|0.0|0.0|5459.0|136|5461.0|4|5468.0
20200316.14:59:59:000|SR007|null||5466.0|5453.0|5520.0|17407.0|5486.0|5499.0|5446.0|13904|7.6082688E7|17719.0|5466.0|5472.0|5672.0|5234.0|0.0|0.0|5464.0|1|5467.0|25|5472.0
20200316.15:00:00:000|JR005|null||2840.0|2840.0|2840.0|0.0|0.0|0.0|0.0|0|0.0|0.0|0.0|2855.0|2954.0|2726.0|0.0|0.0|0.0|0|0.0|0|0.0
20200316.14:59:30:000|JR007|null||2758.0|2756.0|2779.0|428.0|2758.0|2779.0|2758.0|27|74817.0|434.0|2758.0|2771.0|2867.0|2645.0|0.0|0.0|2760.0|3|2772.0|1|2771.0
20200316.15:47:47:300|IF2004|null|IF2004.CF|3673.0|3860.0|3885.2|18663.0|3853.6|3876.8|3673.0|18642|2.110030506E10|24163.0|3673.0|3701.4|4246.0|3474.0|1.7976931348623157E308|1.7976931348623157E308|3672.2|1|3676.2|1|1131869.169616994
20200316.15:47:47:300|IF2003|null|IF2003.CF|3692.0|3870.0|3894.2|94142.0|3872.6|3876.2|3691.0|113253|1.2866964336E11|83045.0|3692.0|3714.4|4257.0|3483.0|1.7976931348623157E308|1.7976931348623157E308|3691.4|6|3692.0|1|1136125.695213372
20200316.15:01:04:940|pp2101|null||6871.0|6956.0|7009.0|6130.0|6965.0|6993.0|6866.0|1115|3.858838E7|6363.0|6871.0|6921.0|7234.0|6678.0|0.0|0.0|6866.0|4|6883.0|21|34608.41255605381
20200316.15:01:04:940|rr2008|null||3315.0|3317.0|3318.0|1611.0|3312.0|3323.0|3312.0|122|4049460.0|1607.0|3315.0|3319.0|3449.0|3185.0|0.0|0.0|3310.0|1|3317.0|2|33192.29508196721
20200316.15:01:04:940|pp2102|null||7150.0|7150.0|7150.0|0.0|1.7976931348623157E308|1.7976931348623157E308|1.7976931348623157E308|0|0.0|0.0|7075.0|7075.0|7722.0|6578.0|0.0|0.0|6674.0|1|7075.0|1|0.0
20200316.15:01:04:940|rr2009|null||3346.0|3340.0|3337.0|4170.0|3334.0|3356.0|3334.0|463|1.550291E7|4186.0|3346.0|3348.0|3473.0|3207.0|0.0|0.0|3346.0|1|3347.0|3|33483.60691144708
20200316.15:47:47:300|IF2006|null|IF2006.CF|3644.6|3841.6|3867.0|35736.0|3870.0|3870.0|3642.4|23498|2.64323298E10|35438.0|3644.6|3673.6|4225.6|3457.6|1.7976931348623157E308|1.7976931348623157E308|3644.0|1|3645.0|1|1124875.7255936675
20200316.15:01:04:940|rr2006|null||3300.0|3300.0|3300.0|6.0|1.7976931348623157E308|1.7976931348623157E308|1.7976931348623157E308|0|0.0|6.0|3300.0|3300.0|3432.0|3168.0|0.0|0.0|3178.0|5|3416.0|5|0.0
20200316.15:01:04:940|rr2007|null||3330.0|3330.0|3330.0|4.0|1.7976931348623157E308|1.7976931348623157E308|1.7976931348623157E308|0|0.0|4.0|3330.0|3330.0|3463.0|3197.0|0.0|0.0|3207.0|4|3344.0|1|0.0
20200316.15:01:04:940|rr2004|null||3202.0|3202.0|3202.0|5.0|1.7976931348623157E308|1.7976931348623157E308|1.7976931348623157E308|0|0.0|5.0|3202.0|3202.0|3330.0|3074.0|0.0|0.0|3202.0|5|3300.0|1|0.0
20200316.15:01:04:940|rr2005|null||3343.0|3358.0|3355.0|5942.0|3355.0|3380.0|3341.0|1311|4.407198E7|5893.0|3343.0|3361.0|3492.0|3224.0|0.0|0.0|3345.0|1|3346.0|3|33617.0709382151
20200316.15:47:47:300|IF2009|null|IF2009.CF|3601.2|3798.2|3823.8|12428.0|3800.0|3830.8|3601.2|5521|6.12869046E9|12771.0|3601.2|3631.8|4178.0|3418.4|1.7976931348623157E308|1.7976931348623157E308|3602.4|1|3605.0|4|1110068.911429089
20200316.15:01:04:940|rr2011|null||3496.0|3496.0|3496.0|6.0|1.7976931348623157E308|1.7976931348623157E308|1.7976931348623157E308|0|0.0|6.0|3496.0|3496.0|3635.0|3357.0|0.0|0.0|3367.0|4|3619.0|5|0.0
20200316.14:59:54:000|CJ101|null||10620.0|10660.0|10660.0|758.0|10630.0|10695.0|10610.0|21|223545.0|770.0|10620.0|10645.0|11195.0|10125.0|0.0|0.0|10610.0|1|10630.0|1|10645.0
20200316.15:01:04:940|rr2012|null||3479.0|3479.0|3479.0|26.0|1.7976931348623157E308|1.7976931348623157E308|1.7976931348623157E308|0|0.0|26.0|3479.0|3479.0|3618.0|3340.0|0.0|0.0|3400.0|1|3500.0|1|0.0
20200316.15:01:04:940|rr2010|null||3370.0|3370.0|3370.0|0.0|1.7976931348623157E308|1.7976931348623157E308|1.7976931348623157E308|0|0.0|0.0|3378.0|3378.0|3504.0|3236.0|0.0|0.0|1.7976931348623157E308|0|1.7976931348623157E308|0|0.0
#UpdateTime|InstrumentID|ExchangeID|ExchangeInstID|LastPrice|PreSettlementPrice|PreClosePrice|PreOpenInterest|OpenPrice|HighestPrice|LowestPrice|Volume|Turnover|OpenInterest|ClosePrice|SettlementPrice|UpperLimitPrice|LowerLimitPrice|PreDelta|CurrDelta|BidPrice1|BidVolume1|AskPrice1|AskVolume1|AveragePrice|
20200316.15:00:00:000|RI007|null||2651.0|2651.0|2651.0|0.0|0.0|0.0|0.0|0|0.0|0.0|0.0|2630.0|2864.0|2438.0|0.0|0.0|0.0|0|0.0|0|0.0
